6.581611125746805735e-01
-4.426880897561392691e-01
8.212929492312976976e-01
6.802709331630352185e-03
-1.486375873736892617e-01
-4.367210654720268259e-01
-4.766514040301696453e-01
-1.000000000000000000e+00
-1.000000000000000000e+00
2.220493877019763529e-01
2.873423115003060357e-01
7.974779909954878843e-01
1.000000000000000000e+00
1.000000000000000000e+00
5.911883520938562842e-02
2.985534445715860019e-01
2.674350761587565017e-01
-7.285609146026632565e-01
-9.361415473726877323e-01
4.642389595513597422e-01
-1.000000000000000000e+00
-7.976848450693893033e-01
8.212224775975038860e-01
9.955707380030374143e-01
-4.658803502492876447e-01
6.853671845414672781e-01
-6.511567762462886488e-01
-1.000000000000000000e+00
-1.000000000000000000e+00
1.125631547689060485e-01
1.599438383925588236e-01
-7.174214414039725707e-01
7.855999897096658247e-01
9.113983844361683850e-03
-9.741222726532946519e-01
-1.000000000000000000e+00
1.000000000000000000e+00
8.703719262619791230e-02
-1.293487034853331163e-01
-5.363510675735976285e-01
1.721783876926357149e-01
-2.184179323323639788e-01
5.096008103944356105e-01
6.445391918074159232e-01
-1.000000000000000000e+00
1.000000000000000000e+00
-4.204445817458563051e-02
1.000000000000000000e+00
-2.725384346597952145e-01
-1.000000000000000000e+00
7.848602729042527537e-01
1.000000000000000000e+00
6.488143946676261375e-01
-3.577485246069291303e-01
2.519035936639389961e-01
1.000000000000000000e+00
3.245467106122693068e-01
-4.366604023461647666e-01
-4.337861766771678451e-01
2.673698303726200209e-01
1.000000000000000000e+00
-4.501077078164441025e-01
5.499913880376461339e-02
-6.833218587456751925e-02
1.000000000000000000e+00
4.090965485157872505e-01
4.157799039151933718e-01
1.559192836498055901e-01
-4.610303493647671669e-02
-9.444480145708953334e-01
1.265185899984872520e-01
-1.000000000000000000e+00
2.606745519913395981e-01
4.095916581629973074e-01
6.415582943895055124e-01
-8.617334955844411226e-01
-6.979426641204685700e-01
-1.000000000000000000e+00
6.988091330632235643e-01
1.169438200966803620e-01
1.000000000000000000e+00
-5.784359111302105338e-01
-1.000000000000000000e+00
4.737936373189726713e-01
3.292279498961165340e-01
1.000000000000000000e+00
1.000000000000000000e+00
-7.753936824924932969e-01
7.770389805171187270e-01
-1.000000000000000000e+00
-5.151274512929502336e-01
-1.000000000000000000e+00
-3.810518407461347401e-01
5.000000000000000000e-01
-8.124671352404770897e-01
-2.298156424387013397e-01
1.774884979056510770e-01
1.000000000000000000e+00
-8.780883031681871453e-02
2.692001249285292386e-01
-8.051939430332520908e-01
-6.362090972850698023e-01
1.805526580311540563e-01
2.971320541760192890e-01
1.000000000000000000e+00
3.124010547323659015e-01
1.000000000000000000e+00
-1.000000000000000000e+00
5.190543650065968517e-01
2.673629006211289405e-01
-1.000000000000000000e+00
-1.000000000000000000e+00
1.068222394014812227e-01
-1.000000000000000000e+00
9.351670942691356903e-01
-1.000000000000000000e+00
9.737830087777952226e-01
1.000000000000000000e+00
6.871864974645609525e-01
-5.449915754468364071e-01
8.757283862387889029e-01
-1.257381557960629559e-01
-8.882157601991685913e-01
5.045318600032675516e-01
4.521781167517595623e-01
6.796137758050740940e-02
9.202218540011184444e-01
-4.356162311230156181e-01
8.863725282091916569e-01
4.182305700814070715e-02
-7.851903043402154170e-01
-8.394928302747828308e-01
-6.770027248110392915e-01
-1.000000000000000000e+00
1.000000000000000000e+00
-7.861013835342789413e-01
5.338462311325229415e-01
-1.000000000000000000e+00
-1.000000000000000000e+00
1.000000000000000000e+00
7.980428931047640617e-01
-1.516803935374095857e-01
-5.244273132253316483e-01
5.560884231015528201e-01
7.356317343655149887e-01
-3.857450094636576399e-01
-3.895022325307763711e-01
-1.000000000000000000e+00
-5.982706828979943436e-01
-5.862085474888892866e-01
-7.485115118916905175e-01
-1.000000000000000000e+00
8.537720986244226040e-01
-1.000000000000000000e+00
-7.620462255698950971e-01
1.245327299221713480e-01
-3.732084818666104864e-01
8.599901056861500859e-01
1.000000000000000000e+00
-1.000000000000000000e+00
6.339004302638083788e-01
1.863569579167809742e-01
-4.955060521126152251e-01
-3.516315231005414099e-01
-1.000000000000000000e+00
5.891131596338624599e-01
6.246971063074872044e-01
-1.527832971559305308e-01
2.424501651613187314e-01
4.132299390428586516e-01
-4.207418778216719391e-01
5.424068159553785407e-01
1.000000000000000000e+00
1.400086192445321176e-02
9.920227406804791315e-01
1.860572383913193240e-01
1.000000000000000000e+00
-4.395983040352444693e-01
9.951746166468516952e-01
3.082909135951637514e-01
1.000000000000000000e+00
-3.257967437013966072e-01
-7.170658810695257346e-02
1.630630756525279779e-01
1.000000000000000000e+00
-7.871492333445044842e-01
-3.914419038885310620e-01
2.712789985342567989e-01
-1.000000000000000000e+00
3.587493972247093321e-01
9.512243530901420829e-01
1.000000000000000000e+00
-8.299209765456797561e-01
-5.737247267084225610e-01
1.982040328596952339e-01
1.000000000000000000e+00
-2.511517607177060629e-02
-5.127159675861943100e-01
-1.000000000000000000e+00
-6.448900274490443341e-01
9.932909851233819865e-01
4.570295896924566614e-01
-9.576911529400282674e-01
-7.975188414579972296e-01
9.785204501524977783e-01
-1.000000000000000000e+00
8.184447659829557908e-02
-9.705818405403205951e-01
1.000000000000000000e+00
1.000000000000000000e+00
-2.415774277482013455e-01
8.033535480440232579e-01
-3.472062674194031362e-01
-3.271537699537913069e-01
-4.881021290861213835e-01
-1.898841606766819567e-01
-6.704687119837141607e-01
2.531259063542589116e-01
1.619744381097406594e-01
-1.135891187233679656e-01
-7.279449076615358560e-01
1.000000000000000000e+00
-8.512678728665040717e-01
-8.972379262570806535e-01
-4.885415204217332663e-01
-1.000000000000000000e+00
-5.123754283239352336e-01
8.697168343985467454e-01
3.627011636493642222e-01
1.611651963893480644e-01
1.000000000000000000e+00
8.779873650279612640e-02
-6.875290687202604278e-01
1.049540302581556950e-01
3.722366997073607853e-01
-6.811881396371087805e-01
-2.913737447734837671e-01
1.000000000000000000e+00
1.000000000000000000e+00
5.798174972389898985e-01
-6.803813229687125652e-01
-7.325494576997922946e-01
1.000000000000000000e+00
6.016184729935258879e-03
7.865314678238138901e-01
1.000000000000000000e+00
-3.712888224495591305e-01
-1.000000000000000000e+00
9.477643962667652300e-01
-8.070566072937231938e-01
-7.093121141614648906e-01
-5.450315346373189040e-01
3.902260982584225824e-01
-6.004230793687037604e-02
-1.000000000000000000e+00
4.165753903787743351e-01
3.173826030817902821e-02
8.659966586468426097e-01
7.657159062182539166e-01
7.515156733447574400e-01
-1.000000000000000000e+00
-1.000000000000000000e+00
1.000000000000000000e+00
4.823103430863733276e-01
-9.869123040773685185e-01
