8.020994749691867653e-01
-6.078105987508097829e-01
1.401118110117850479e-01
-1.075512337657220097e-01
-1.000000000000000000e+00
1.000000000000000000e+00
6.115056465286746734e-01
7.465402527932808452e-01
-1.000000000000000000e+00
8.196753346107998883e-01
-9.374784403691193146e-01
-5.032489102186676888e-02
4.113664023256113911e-02
6.268045268370020517e-01
-1.879711307390198316e-01
-9.620287594493818206e-01
9.126317061431500344e-01
-1.000000000000000000e+00
-2.575680913294464691e-02
5.239560609841282801e-01
3.187374382079544155e-02
-1.891675131330367021e-02
-1.000000000000000000e+00
-1.000000000000000000e+00
-1.000000000000000000e+00
2.511901109252541175e-01
-1.568513183637869624e-01
-7.039122128758326102e-01
-6.645533006722870173e-01
9.536060891500354186e-01
-1.000000000000000000e+00
-6.741993525251652741e-01
-5.553444884193677877e-01
-5.652670954584555485e-01
-8.156668485017379844e-01
-1.000000000000000000e+00
1.130202782850167065e-01
4.309709228475672171e-01
9.912886644388371193e-01
6.683708886182545550e-01
2.306138578206591294e-01
-1.000000000000000000e+00
-5.562580452233092387e-01
-6.797716297462474966e-01
-1.135666853212644600e-01
1.000000000000000000e+00
-6.923486328080940000e-01
1.000000000000000000e+00
-7.583598067845348512e-01
5.668713494725243773e-01
-1.000000000000000000e+00
-8.364391067754481934e-01
-4.191553474288696735e-01
2.550046842502002864e-01
7.983039544496107753e-01
-8.496195936022292727e-01
-5.499639507300427832e-01
6.915665486807350826e-01
2.696129931669508095e-01
-1.000000000000000000e+00
-9.244362669572289137e-01
-4.160482185222260099e-01
-1.042212857359503531e-01
3.167194293866023580e-01
-9.959053569594460420e-01
-9.025772748460600958e-01
1.913223149856055905e-01
9.409632580559890158e-01
-4.781575369002288856e-01
7.153688117652556855e-01
-4.198273387690214520e-01
-5.307795673876047893e-02
9.469869769043460783e-01
1.000000000000000000e+00
1.000000000000000000e+00
2.653857668722277019e-01
1.000000000000000000e+00
-5.263264655882815557e-01
-1.000000000000000000e+00
-6.117576322484337137e-01
2.975122605074237425e-02
5.004092812761309350e-01
-5.620614354649656752e-01
1.759351162511202382e-01
-7.269485876062141694e-01
7.878447653188602740e-01
-3.495091222236782480e-01
3.959417235677997748e-02
-1.778009197559669574e-01
6.640661751918881528e-01
3.914098651727205835e-01
-6.811081054029415327e-01
-6.786972515639150272e-01
-8.163693905905136106e-01
7.986253210385482193e-01
-1.000000000000000000e+00
1.000000000000000000e+00
-1.000000000000000000e+00
-9.990926537323331358e-01
3.743792565509847514e-01
-1.175273590636268239e-01
-8.413478316996069184e-01
5.900856032936211415e-01
-1.000000000000000000e+00
4.482619710020899761e-01
9.123307964441109696e-01
1.000000000000000000e+00
4.142455616894430426e-01
-3.759578678845416633e-01
9.303291480617983389e-01
-1.000000000000000000e+00
-1.000000000000000000e+00
-2.011329553789156788e-01
-5.348815384218548186e-01
-1.000000000000000000e+00
8.821852338728081167e-02
-2.243531285505186990e-01
-6.716232007296613071e-02
5.120526080248311018e-01
2.281505940839201330e-03
-9.982434996311325692e-01
5.452258687333746412e-01
-4.220784662087453953e-01
-4.244164337228996109e-01
9.111473618323583379e-01
5.950708642233455414e-01
1.000000000000000000e+00
1.000000000000000000e+00
-1.000000000000000000e+00
-1.000000000000000000e+00
4.014779622485194488e-01
5.226007319483145785e-01
9.722233477887696207e-01
-4.484332420659958851e-01
6.646194142483820011e-01
-6.302460778547769316e-01
9.147788838484720575e-01
1.000000000000000000e+00
7.862689723452198631e-01
7.282448291147293196e-01
3.913882876027957036e-01
4.429668232629165314e-01
-7.524659461495677437e-01
-3.320952961750684995e-01
8.665977396866392235e-01
1.919047243060486574e-01
1.000000000000000000e+00
-5.056758948818134147e-01
3.445885410671500892e-02
-5.627609892595289987e-01
-7.830537932878016694e-01
-1.000000000000000000e+00
5.783547054187625491e-01
2.418571588423151231e-01
-5.474910139497950468e-01
1.253075232506047632e-01
-3.699498746402227756e-01
2.561655276628868605e-02
-1.000000000000000000e+00
-5.576103300492509796e-01
6.704730789818991177e-01
7.120485788573540642e-01
-4.036363389990142436e-01
-1.000000000000000000e+00
6.314266576576266221e-01
-1.427987592042528897e-01
3.325686741280806658e-01
-8.696694139756965258e-01
4.676146855040874684e-02
8.873911942419029364e-01
-7.971777493784911739e-01
1.000000000000000000e+00
-8.410066781202588659e-01
-4.093040723091641020e-01
-8.746063016777311239e-02
4.337639285436449277e-01
2.399720998819859785e-01
-4.815645519764638061e-01
6.951272106986661203e-01
9.814024218096875085e-01
-5.229173261266840678e-01
-4.582805000088411851e-01
6.343817096455162119e-02
-6.659147516600766314e-01
-3.938175068141981372e-01
-1.000000000000000000e+00
1.646795560747702503e-01
-5.729628166076430329e-01
6.241553345393389129e-01
-7.429912053257777815e-01
8.135447451182576950e-01
9.521366978133055659e-01
-1.000000000000000000e+00
-1.000000000000000000e+00
4.652251536164362378e-01
-1.000000000000000000e+00
7.836974251985540096e-02
7.663059586859528594e-01
4.655444181808234827e-01
2.739280968872520594e-01
6.859835150619483235e-01
-1.000000000000000000e+00
-9.829933546915312625e-01
-7.754807107100233909e-02
8.624405023007037929e-01
-5.265261329600083862e-01
-4.418053656469194124e-01
6.827177964288793088e-01
-9.746908779094268782e-01
-1.000000000000000000e+00
-1.000000000000000000e+00
-1.000000000000000000e+00
1.000000000000000000e+00
-7.232868121750833934e-01
-7.919384634454500471e-01
1.000000000000000000e+00
-4.230482365064526240e-01
-1.000000000000000000e+00
8.059144764977137498e-01
-6.088490498922057848e-01
-3.807964401502300644e-02
-1.440075266084093197e-01
-1.000000000000000000e+00
-3.540900803898934246e-01
-2.978143448380324299e-01
8.825519024453118977e-01
-6.409462299884206571e-01
-4.338473633549351227e-01
-7.062156896306033271e-01
-4.766854280800242316e-01
8.323091654480315738e-01
-5.938036828561140679e-01
1.667348103849839447e-01
7.358096524510220338e-01
-1.000000000000000000e+00
-6.991835691123630125e-01
1.000000000000000000e+00
1.677704979779102712e-01
-5.792629613075412909e-01
-6.105668852309249495e-01
5.551168255353939873e-01
1.000000000000000000e+00
-8.366635651013849539e-01
-2.282986075149839866e-01
-5.221546276261106456e-01
5.892315379942270059e-01
6.138147808201941391e-01
4.469604431293561220e-01
9.711742953518475163e-01
-1.000000000000000000e+00
-8.577995732002849927e-01
1.000000000000000000e+00
-9.696286531038122991e-02
1.000000000000000000e+00
2.811064873089778038e-01
1.000000000000000000e+00
4.465353599956583541e-01
-5.299680842473963871e-01
1.000000000000000000e+00
-4.916571754562898411e-01
-1.000000000000000000e+00
-8.078048659987555613e-01
-1.000000000000000000e+00
5.225868683566501360e-01
1.000000000000000000e+00
