-1.000000000000000000e+00
7.872850463105195429e-01
-1.000000000000000000e+00
1.170214587786188032e-01
5.134541374896530730e-01
-1.000000000000000000e+00
-8.613085646968596798e-01
2.098719389784280409e-01
-1.000000000000000000e+00
6.307025813309956597e-01
-6.852387098279606459e-01
-1.000000000000000000e+00
-1.233825817236287314e-01
8.435016851525289905e-01
7.703172625648180283e-02
-8.249126216455060501e-02
3.500225954924063299e-01
-4.177347854589623655e-01
-1.000000000000000000e+00
1.000000000000000000e+00
1.000000000000000000e+00
-9.885064361227130503e-01
1.000000000000000000e+00
5.649132169646520207e-01
2.856877249962863630e-03
5.986310393421351295e-01
-4.061177835601352815e-01
-1.000000000000000000e+00
8.219476658757229881e-02
6.130524552797262938e-01
-4.035810053310867618e-02
7.057969898446425638e-01
-5.175398507366505418e-01
-9.941068239278616492e-01
9.152665184854115177e-01
1.286333511974231958e-01
-9.729901864976964188e-01
1.589423194044160270e-01
-3.459683625080109959e-01
7.126658470411962876e-01
-9.580776297778510475e-01
-1.457333045526427173e-01
-3.423469009206130398e-01
1.000000000000000000e+00
-3.645261271214390586e-01
1.233164168960664553e-01
2.900667953838753088e-01
-1.000000000000000000e+00
9.212102470356009487e-02
4.673045686461785309e-01
-3.050881612679197108e-01
4.539757513986751314e-01
1.000000000000000000e+00
1.000000000000000000e+00
-5.000000000000000000e-01
2.527972400220355187e-01
-7.267606462097742082e-01
4.330444019682564982e-01
1.000000000000000000e+00
6.351005415969961376e-01
2.881687688134467740e-01
-1.000000000000000000e+00
-6.406839362370253532e-02
-1.000000000000000000e+00
9.318899759570796748e-01
-8.846758560860883414e-01
5.083106473968227457e-01
-6.298713772947691636e-01
8.896856747731569648e-01
8.507099781956521944e-01
-9.522288049157623391e-02
4.725766381632134916e-01
-6.718812702626645317e-01
-1.244346575739008198e-02
-1.000000000000000000e+00
6.450271435352225025e-01
-8.148305324960576357e-01
-1.685581744035360430e-01
4.554318533121420876e-01
-1.000000000000000000e+00
7.799216557819030893e-01
4.837565503737027983e-01
1.000000000000000000e+00
1.000000000000000000e+00
5.408812628768334685e-01
-8.357390517069001046e-01
-1.000000000000000000e+00
4.275665678946576342e-01
1.742319742604647725e-02
-6.132520347331309463e-01
3.564647066061964464e-01
4.102235080726795435e-01
-1.000000000000000000e+00
1.000000000000000000e+00
-1.485077140595963407e-01
-1.000000000000000000e+00
-1.000000000000000000e+00
-8.356251213253484966e-01
6.811102479911066432e-01
5.481937121019127002e-01
-9.099784589062132056e-01
-7.241032675509655459e-01
-7.683726478621268896e-01
-2.710624318447668601e-01
6.636137689936408846e-01
-4.046963836807544457e-01
-1.000000000000000000e+00
-2.972647940872485406e-01
-3.970967196841895808e-02
1.000000000000000000e+00
1.000000000000000000e+00
-1.000000000000000000e+00
-6.377829772513243789e-02
-5.599131610461739461e-01
2.462473272451442541e-01
-5.236944334466129281e-01
-2.896360530702276614e-01
4.046248646328953757e-02
-4.361696366058150920e-01
-5.153900554284580604e-01
6.607555267882430083e-01
6.808692299421515992e-01
-1.000000000000000000e+00
-6.871883434385903655e-01
9.078044630249522129e-01
8.320128033440199466e-01
7.292318131092987432e-01
8.201104231123867994e-01
7.146025261454080901e-01
-3.183837547309326110e-01
1.000000000000000000e+00
6.136326227741690786e-01
-1.000000000000000000e+00
-3.423062035277173454e-01
-9.170522897391899519e-01
-3.335638764582156135e-01
2.702118861132075667e-01
1.000000000000000000e+00
1.000000000000000000e+00
-6.540604920998623895e-01
-5.712570696115003566e-01
3.552473010584811242e-02
1.944546706512573220e-01
-6.191667977770807241e-01
-1.000000000000000000e+00
1.000000000000000000e+00
1.000000000000000000e+00
9.065285707746487676e-01
-6.563479926572166612e-01
-1.000000000000000000e+00
9.111353619806019655e-01
3.324474536817471071e-01
-2.127665146178518429e-01
-7.703494312923475640e-01
1.000000000000000000e+00
-2.799238323512609483e-02
1.000000000000000000e+00
3.954813619370800559e-02
-1.000000000000000000e+00
6.507442879686597959e-01
-4.619896209757635708e-01
4.561240282892699560e-01
9.550378526996841089e-01
-1.701736222112275043e-01
1.837006483210514851e-01
-5.908463983911224626e-02
-7.949372721764054184e-01
-9.624574846655228333e-01
-8.849976236849211864e-01
2.020549851766204608e-01
4.240802815338440279e-01
1.139068580096802563e-01
-1.000000000000000000e+00
-1.000000000000000000e+00
-4.429474094030082520e-01
-4.536836042109010925e-01
7.518778856893071350e-01
1.000000000000000000e+00
-1.092670676649435402e-01
3.829212517373196123e-01
1.796696656489413790e-01
8.519126070379333671e-01
7.023985921533451027e-01
1.812078763956489480e-01
1.000000000000000000e+00
9.352670171152452916e-01
-1.000000000000000000e+00
1.975277498142912758e-01
-4.494528306636372816e-01
6.486625491908547536e-01
-1.000000000000000000e+00
-5.235069699258707576e-01
8.123159985075437683e-01
-3.043467274123874411e-01
-1.000000000000000000e+00
9.196494297721202749e-02
-3.201084871562387413e-01
1.000000000000000000e+00
-3.204417487518125274e-01
7.403474743403888336e-01
-1.000000000000000000e+00
1.000000000000000000e+00
5.347233537695412764e-01
7.186061164726009753e-01
1.000000000000000000e+00
6.673939541452126312e-01
9.524999111412590924e-02
-3.837681532782982741e-01
4.596859197192036950e-01
-1.000000000000000000e+00
1.274036093308527628e-01
7.743439301898057403e-01
-7.924533849982561273e-01
-7.419520704140836198e-01
-5.937409675249094576e-01
-2.328374967904462967e-01
-4.591406482025439661e-02
5.471330985058653340e-01
5.713596533386513521e-01
-8.707907957395775167e-01
-1.000000000000000000e+00
-1.000000000000000000e+00
-5.068701101561001732e-01
3.271028223780758637e-01
-3.285679875963615215e-01
1.000000000000000000e+00
3.050452409113547647e-01
-1.204034321199730639e-01
7.007521287042786096e-01
-6.806758602270882585e-01
-8.048595429709078930e-01
1.000000000000000000e+00
4.709535123764872488e-01
-2.708998014512299379e-01
-1.000000000000000000e+00
-4.798967746557865066e-01
-1.000000000000000000e+00
5.213083741816273431e-01
1.000000000000000000e+00
1.000000000000000000e+00
-2.566667451894094065e-01
-6.776750956107009394e-01
2.115190428818115032e-01
4.564741634387003977e-02
-1.000000000000000000e+00
-1.553451842843116548e-01
7.338887191508571828e-01
-5.563209571717574464e-01
1.176414713858338623e-01
-7.454234202107784535e-02
-1.000000000000000000e+00
-2.183919739029721585e-02
1.000000000000000000e+00
9.328655202432516447e-01
8.405885406248092551e-02
1.000000000000000000e+00
7.850205057644547013e-01
-3.699415361924623946e-02
-1.000000000000000000e+00
5.380626150257372675e-01
4.258554248288221045e-01
-4.585237773743042755e-01
1.000000000000000000e+00
7.743309723486968554e-01
1.000000000000000000e+00
