generation,best_fitness,mean_fitness,std_fitness
0,47.983843,-3.922252,7.107949
1,47.983843,-1.064641,10.352006
2,48.013548,2.370822,13.149095
3,48.013548,7.493201,15.622955
4,48.013548,13.072685,16.52299
5,48.231679,21.042616,16.096519
6,48.231679,24.621129,14.336894
7,66.179917,31.328172,11.554878
8,66.179917,34.436875,10.687299
9,66.216175,37.918365,10.647562
10,66.216175,39.796531,10.204199
11,75.197882,41.690408,9.697782
12,94.852506,43.410543,10.536678
13,94.852506,44.136792,10.2829
14,94.852506,45.128843,10.181001
15,94.852506,45.668214,10.245996
16,94.852506,47.004662,11.138198
17,94.852506,48.006239,11.992527
18,94.852506,48.644388,11.868695
19,94.852506,49.181771,11.69419
20,94.852506,50.275903,12.094106
21,94.852506,51.372595,13.014876
22,94.852506,51.556048,12.903596
23,94.852506,52.166562,13.372721
24,94.852506,52.344932,13.256405
25,94.852506,52.707317,13.318903
26,94.852506,53.420874,13.232912
27,94.852506,53.693463,13.394994
28,94.852506,54.231552,13.40057
29,94.852506,54.674923,13.214817
30,94.852506,55.676447,13.56018
31,94.852506,55.949485,13.555612
32,94.852506,56.406387,13.554456
33,94.852506,56.764265,13.447071
34,94.852506,56.854487,13.418181
35,94.852506,57.392057,13.298233
36,94.852506,57.665476,13.257978
37,94.852506,58.209053,13.039411
38,94.852506,58.305151,12.99473
39,94.852506,58.667875,12.95522
40,94.852506,58.938085,12.762313
41,94.852506,59.205263,12.748923
42,94.852506,59.298976,12.703402
43,94.852506,59.649331,12.511228
44,94.852506,59.74266,12.459091
45,94.852506,60.013247,12.298899
46,94.852506,60.417074,12.559668
47,94.852506,60.419638,12.558999
48,94.852506,60.419739,12.558899
49,94.852506,61.043779,12.658399
50,94.852506,61.133316,12.597764
51,94.852506,61.133316,12.597764
52,94.852506,61.39368,12.535251
53,94.852506,61.569189,12.46939
54,94.900134,61.864067,12.831222
55,94.900134,62.044117,12.763515
56,94.900134,62.133673,12.697803
57,94.900134,62.222059,12.630952
58,94.900134,62.225447,12.629028
59,94.900134,62.71073,12.921432
60,94.900134,62.71073,12.921432
61,94.900134,62.79577,12.852778
62,94.918596,63.26523,13.156707
63,94.918596,63.265435,13.156469
64,94.918596,63.266755,13.154944
65,94.918596,63.645755,13.510622
66,94.918596,63.911751,13.522096
67,94.918596,63.914163,13.519285
68,94.918596,64.382213,13.772491
69,94.918596,64.562577,13.794102
70,94.918596,65.210492,13.91159
71,94.918596,65.483417,13.835924
72,94.918596,65.663138,13.724505
73,94.918596,65.932023,13.641415
74,94.918596,66.388967,13.930893
75,94.918596,66.391712,13.929048
76,94.918596,66.391712,13.929048
77,94.918596,66.483274,13.897108
78,94.918596,66.661576,13.892137
79,94.918596,66.941173,13.862312
80,94.918596,66.950893,13.859491
81,94.918596,67.042507,13.823767
82,94.918596,67.223277,13.574174
83,94.918596,67.491572,13.580627
84,94.918596,67.496714,13.575792
85,94.918596,67.496714,13.575792
86,94.918596,68.028785,14.011
87,94.918596,68.750042,13.712217
88,94.918596,68.750042,13.712217
89,94.918596,68.750042,13.712217
90,94.918596,68.750042,13.712217
91,94.918596,68.931712,13.555866
92,94.918596,69.020511,13.566629
93,94.918596,69.020511,13.566629
94,94.918596,69.200926,13.527564
95,94.918596,69.379568,13.485528
96,94.918596,69.648824,13.328397
97,94.918596,70.026211,13.561883
98,94.918596,70.688369,13.872356
99,94.918596,70.688369,13.872356
100,94.918596,71.856973,14.11135
101,94.918596,72.792205,14.287615
102,94.918596,72.793524,14.287819
103,94.918596,72.884448,14.216867
104,94.918596,73.244962,13.923345
105,94.918596,73.244962,13.923345
106,94.918596,73.244962,13.923345
107,94.918596,73.245438,13.924085
108,94.918596,73.642276,13.766706
109,94.918596,73.642276,13.766706
110,94.918596,73.643939,13.765794
111,94.918596,73.730396,13.688033
112,94.918596,73.730396,13.688033
113,94.918596,73.730396,13.688033
114,94.918596,73.730396,13.688033
115,94.918596,73.730685,13.68749
116,94.918596,73.832341,13.734537
117,94.918596,73.832341,13.734537
118,94.918596,74.100114,13.49164
119,94.918596,74.770169,13.718879
120,94.918596,74.770423,13.718717
121,94.918596,74.770423,13.718717
122,94.918596,74.770423,13.718717
123,94.918596,74.777945,13.713798
124,94.918596,74.949922,13.485044
125,94.918596,74.949922,13.485044
126,94.918596,75.131715,13.364081
127,94.918596,75.131715,13.364081
128,94.918596,75.311497,13.242527
129,94.918596,75.687395,13.316254
130,94.918596,75.87003,13.123459
131,94.918596,75.87003,13.123459
132,94.918596,75.958415,13.027303
133,94.918596,76.049452,12.926046
134,94.918596,76.049452,12.926046
135,94.918596,76.049452,12.926046
136,94.918596,76.049452,12.926046
137,94.918596,76.049452,12.926046
138,94.918596,76.337146,13.021888
139,94.918596,76.337146,13.021888
140,94.918596,76.475722,13.075596
141,94.918596,76.621386,13.139476
142,94.918596,76.621386,13.139476
143,94.918596,76.89118,13.009481
144,94.918596,77.578305,12.928782
145,94.918596,78.006792,13.033851
146,94.918596,78.006792,13.033851
147,94.918596,78.006792,13.033851
148,94.918596,78.206611,13.003254
149,94.918596,78.206611,13.003254
150,94.918596,78.584385,12.937364
151,94.918596,78.674533,12.817634
152,94.918596,79.163269,12.811889
153,94.918596,79.181029,12.825078
154,94.918596,79.181029,12.825078
155,94.918596,79.181029,12.825078
156,94.918596,79.181029,12.825078
157,94.918596,79.181029,12.825078
158,94.918596,79.181029,12.825078
159,94.918596,79.181094,12.825013
160,94.918596,79.181094,12.825013
161,94.918596,79.181094,12.825013
162,94.918596,79.753907,12.80999
163,94.918596,79.841754,12.685013
164,94.918596,80.021034,12.424902
165,94.918596,80.219332,12.360491
166,94.918596,80.219332,12.360491
167,94.918596,80.308819,12.22491
168,94.918596,80.400054,12.083986
169,94.918596,80.400054,12.083986
170,94.918596,80.490774,12.010721
171,94.918596,80.690707,12.082316
172,94.918596,80.690707,12.082316
173,94.918596,80.691319,12.081583
174,94.918596,80.781218,12.005312
175,94.918596,80.781218,12.005312
176,94.918596,80.885468,11.995194
177,94.918596,80.886725,11.994585
178,94.918596,81.083574,12.059358
179,94.918596,81.083574,12.059358
180,94.918596,81.083574,12.059358
181,94.918596,81.083574,12.059358
182,94.918596,81.083574,12.059358
183,94.918596,81.083574,12.059358
184,94.918596,81.083574,12.059358
185,94.918596,81.286394,12.119321
186,94.918596,81.417159,12.121978
187,94.918596,81.469733,12.167818
188,94.918596,81.469733,12.167818
189,94.918596,81.756587,12.141775
190,94.918596,81.756587,12.141775
191,94.918596,81.82764,12.197564
192,94.918596,81.82764,12.197564
193,94.918596,81.82764,12.197564
194,94.918596,81.82764,12.197564
195,94.918596,81.82764,12.197564
196,94.918596,81.82764,12.197564
197,94.918596,81.82764,12.197564
198,94.918596,81.917277,12.115167
199,94.918596,81.917277,12.115167
200,94.918596,81.917277,12.115167
201,94.918596,82.135013,12.023107
202,94.918596,82.135013,12.023107
203,94.918596,82.334788,12.06751
204,94.918596,82.389658,12.111962
205,94.918596,82.614944,12.014393
206,94.918596,82.620372,12.010839
207,94.918596,82.729909,12.072224
208,94.918596,82.730076,12.071994
209,94.918596,82.730076,12.071994
210,94.918596,82.734873,12.065253
211,94.918596,82.737208,12.063786
212,94.918596,82.737208,12.063786
213,94.918596,82.737208,12.063786
214,94.918596,82.918935,11.946803
215,94.918596,83.180214,12.024855
216,94.918596,83.182461,12.027034
217,94.918596,83.182461,12.027034
218,94.918596,83.182461,12.027034
219,94.918596,83.280097,12.078633
220,94.918596,83.280097,12.078633
221,94.918596,83.368484,11.918598
222,94.918596,83.458509,11.820806
223,94.918596,83.548888,11.722203
224,94.918596,83.548888,11.722203
225,94.918596,83.566736,11.730034
226,94.918596,83.566736,11.730034
227,94.918596,83.566736,11.730034
228,94.918596,83.566736,11.730034
229,94.918596,83.566736,11.730034
230,94.918596,83.566736,11.730034
231,94.918596,83.566736,11.730034
232,94.918596,83.744223,11.46201
233,94.918596,83.839297,11.349025
234,94.918596,83.841186,11.349579
235,94.918596,83.841186,11.349579
236,94.918596,83.841186,11.349579
237,94.918596,84.142974,11.179094
238,94.918596,84.142974,11.179094
239,94.918596,84.142974,11.179094
240,94.918596,84.142974,11.179094
241,94.918596,84.142974,11.179094
242,94.918596,84.359215,11.037785
243,94.918596,84.359215,11.037785
244,94.918596,84.412442,11.075536
245,94.918596,84.590341,10.776984
246,94.918596,84.590341,10.776984
247,94.918596,84.878731,10.661255
248,94.918596,84.968783,10.539207
249,94.918596,84.968783,10.539207
250,94.918596,84.968783,10.539207
251,94.918596,84.968783,10.539207
252,94.918596,84.968783,10.539207
253,94.918596,84.968783,10.539207
254,94.918596,84.968783,10.539207
255,94.918596,84.968783,10.539207
256,94.918596,84.968783,10.539207
257,94.918596,84.968783,10.539207
258,94.918596,84.968783,10.539207
259,94.918596,84.968783,10.539207
260,94.918596,84.968783,10.539207
261,94.918596,85.254465,10.413627
262,94.918596,85.254465,10.413627
263,94.918596,85.254465,10.413627
264,94.918596,85.254465,10.413627
265,94.918596,85.254465,10.413627
266,94.918596,85.254465,10.413627
267,94.918596,85.254465,10.413627
268,94.918596,85.254465,10.413627
269,94.918596,85.344304,10.287447
270,94.918596,85.45317,10.237742
271,94.918596,85.674602,10.058329
272,94.918596,85.674602,10.058329
273,94.918596,85.674602,10.058329
274,94.918596,85.674602,10.058329
275,94.918596,85.762857,9.924238
276,94.918596,85.762857,9.924238
277,94.918596,85.762857,9.924238
278,94.918596,86.051207,9.765359
279,94.918596,86.051207,9.765359
280,94.918596,86.051207,9.765359
281,94.918596,86.051207,9.765359
282,94.918596,86.051207,9.765359
283,94.918596,86.051207,9.765359
284,94.918596,86.051207,9.765359
285,94.918596,86.051207,9.765359
286,94.918596,86.173769,9.700761
287,94.918596,86.226821,9.733777
288,94.918596,86.226821,9.733777
289,94.918596,86.226821,9.733777
290,94.918596,86.226821,9.733777
291,94.918596,86.228761,9.73157
292,94.918596,86.228761,9.73157
293,94.918596,86.228761,9.73157
294,94.918596,86.432426,9.520684
295,94.918596,86.432426,9.520684
296,94.918596,86.566072,9.452425
297,94.918596,86.567223,9.453432
298,94.918596,86.666317,9.487115
299,94.918596,86.671512,9.480671
