-6.820804892390899821e-02
-2.081090555890707794e-02
-9.578996637617450682e-01
-1.000000000000000000e+00
1.000000000000000000e+00
-4.809683292967936730e-03
8.532618417741401062e-01
5.157201062854283036e-02
-4.101294659671956278e-01
9.435925383618565254e-01
1.312104732005741070e-01
-1.000000000000000000e+00
7.420480184140404445e-02
2.680405968853866727e-01
1.000000000000000000e+00
-2.228325919748257999e-01
-5.366242722065113213e-01
1.000000000000000000e+00
1.000000000000000000e+00
-1.000000000000000000e+00
1.940289347016178612e-01
-3.065006853886098614e-01
7.693037262569580870e-01
-9.361235618750527454e-01
-1.000000000000000000e+00
3.414268500851028731e-01
1.833641459234511828e-01
-1.000000000000000000e+00
1.831758348933321123e-02
-1.000000000000000000e+00
8.678980863300989057e-01
-1.000000000000000000e+00
7.655109045047782113e-01
-1.000000000000000000e+00
-7.897216076209889746e-01
-6.344544957597111345e-01
-4.755413080533703596e-01
1.000000000000000000e+00
-1.000000000000000000e+00
-7.274669293597993969e-01
-1.000000000000000000e+00
-9.759181115335794354e-01
1.000000000000000000e+00
-1.000000000000000000e+00
-1.000000000000000000e+00
1.792169388607263159e-01
3.956769449987312948e-01
3.145608047281474029e-01
8.716411205913753291e-01
1.000000000000000000e+00
-1.000000000000000000e+00
9.769219148586091306e-01
6.507399837463434533e-01
1.000000000000000000e+00
-1.000000000000000000e+00
-1.000000000000000000e+00
-1.546884428342859552e-02
-5.137522234493020479e-01
7.424361453064191041e-01
1.000000000000000000e+00
-8.553227812892756354e-01
3.728237629467445746e-01
1.293543371013023413e-01
-1.425978922796966031e-01
-1.000000000000000000e+00
-4.817068569836950864e-01
1.000000000000000000e+00
2.549954180238637180e-01
8.567654820698069607e-01
1.000000000000000000e+00
4.918898568250434922e-01
1.000000000000000000e+00
-1.000000000000000000e+00
1.000000000000000000e+00
4.651499449246535578e-01
1.000000000000000000e+00
1.000000000000000000e+00
-1.000000000000000000e+00
5.119029470781917279e-01
-1.000000000000000000e+00
1.000000000000000000e+00
-9.952197179446844455e-01
-7.518624629137544702e-01
-5.705575875340455072e-01
1.000000000000000000e+00
-1.000000000000000000e+00
-5.697412448410004160e-01
1.000000000000000000e+00
-1.000000000000000000e+00
4.215229063799339482e-01
-9.240227428510312535e-01
1.000000000000000000e+00
5.283867561207933328e-01
-4.752120041392745575e-01
1.000000000000000000e+00
2.619402414189552220e-01
-5.900443322393812418e-01
-1.000000000000000000e+00
1.000000000000000000e+00
-1.000000000000000000e+00
-1.000000000000000000e+00
-1.000000000000000000e+00
1.000000000000000000e+00
1.000000000000000000e+00
6.255166336743946953e-01
1.000000000000000000e+00
-3.778081002895642970e-01
5.895808303053708954e-01
1.784109740310270142e-01
-1.000000000000000000e+00
1.000000000000000000e+00
3.441550564534896495e-01
-1.000000000000000000e+00
1.000000000000000000e+00
8.585251862070424345e-01
8.409974003325095815e-01
1.000000000000000000e+00
5.495401636322529981e-01
5.634880727344706575e-01
1.000000000000000000e+00
7.564852332929112855e-01
5.762220137976409307e-01
-9.269652238722831950e-01
-8.574454116716562213e-01
2.337517889730555964e-02
-5.790649173949915518e-01
-1.907207088949476326e-01
1.000000000000000000e+00
1.000000000000000000e+00
1.000000000000000000e+00
-8.200008964952063550e-01
3.687988229648668792e-01
2.764296112071810141e-01
-2.272217525438983143e-01
1.000000000000000000e+00
-1.000000000000000000e+00
-1.000000000000000000e+00
4.348974306072742047e-01
-1.000000000000000000e+00
-9.481962491825604022e-01
3.977143650755790016e-01
1.000000000000000000e+00
1.000000000000000000e+00
-1.536846683915340517e-01
-5.305880183920066440e-01
-2.460489958997471582e-01
4.272001854967565071e-02
-1.950231941141351566e-01
7.379912397730195028e-01
-1.000000000000000000e+00
-8.404399218750946421e-01
1.000000000000000000e+00
7.121733282460860348e-01
-1.000000000000000000e+00
-6.963839408708086820e-01
-1.000000000000000000e+00
5.658874651856489191e-01
4.887357927020138937e-01
-8.117135310695866579e-01
-1.000000000000000000e+00
1.000000000000000000e+00
-1.000000000000000000e+00
-5.361926085123391861e-01
-8.233053343591427709e-01
-3.586744877205041426e-01
6.425736092843657987e-01
-5.802117244214179959e-01
-1.000000000000000000e+00
1.000000000000000000e+00
1.628815559889019160e-01
-2.836725060945978760e-01
2.944656087516938081e-01
-4.455021749438672352e-01
-7.391355339998051388e-01
1.000000000000000000e+00
1.162130514263263747e-01
1.000000000000000000e+00
1.000000000000000000e+00
1.000000000000000000e+00
-6.178338195179500225e-01
-7.093922573775546248e-02
-5.830411546634484132e-01
-6.159823598889950791e-01
-1.000000000000000000e+00
-8.607095542978551173e-01
1.000000000000000000e+00
4.557144000563305153e-01
-1.000000000000000000e+00
1.000000000000000000e+00
1.000000000000000000e+00
1.000000000000000000e+00
-6.133812440496078100e-01
-4.762774841447900420e-01
-5.185320536793209811e-01
1.000000000000000000e+00
-1.203839973442021316e-01
6.966807411756666957e-01
1.000000000000000000e+00
3.756652504704005580e-02
1.000000000000000000e+00
-1.000000000000000000e+00
1.000000000000000000e+00
1.000000000000000000e+00
1.000000000000000000e+00
4.103228072838955853e-01
-1.982578264435064241e-01
-1.000000000000000000e+00
-1.000000000000000000e+00
-2.367596671191048718e-01
8.541158168535641915e-01
1.000000000000000000e+00
-1.000000000000000000e+00
-1.205756868204028165e-01
1.000000000000000000e+00
1.000000000000000000e+00
9.710719273462362633e-01
1.000000000000000000e+00
-2.515645935891534513e-01
-9.581447830962313006e-01
7.960146584263081415e-01
-1.000000000000000000e+00
1.001319891839169696e-01
-6.860461054809788850e-01
4.557214861362490765e-01
-1.000000000000000000e+00
-1.000000000000000000e+00
6.256254470437869752e-01
9.078762230659453980e-02
-1.000000000000000000e+00
-8.656447090037530101e-01
-6.473488731043670619e-01
-8.653390464807187987e-01
8.179813902262567105e-01
1.000000000000000000e+00
1.000000000000000000e+00
-6.817145821061583177e-01
-9.298771075576439671e-01
2.784391593545685328e-01
1.000000000000000000e+00
-5.137183231897624047e-01
1.000000000000000000e+00
-1.538629447319223020e-01
9.776029715603574699e-01
4.538809726101786790e-01
5.045106175323575970e-01
-9.977327772603684641e-01
3.428324110020569693e-01
-6.613949549327757804e-01
1.000000000000000000e+00
-1.000000000000000000e+00
1.488810758746674789e-01
8.402006380355175885e-01
9.619519923424914021e-01
-1.000000000000000000e+00
1.148549286143510928e-01
7.944109767535567634e-01
1.000000000000000000e+00
-1.000000000000000000e+00
-4.163227125196061196e-01
2.742150993471608733e-01
-6.725414391349798793e-01
9.829648745013541689e-01
-1.000000000000000000e+00
-7.933769428994295048e-01
2.618761116630322072e-02
