1.000000000000000000e+00
-8.511554937412824096e-01
-7.816453745569753586e-01
1.000000000000000000e+00
1.000000000000000000e+00
-5.801731960851347347e-03
1.000000000000000000e+00
1.000000000000000000e+00
-1.800655132200478237e-01
1.000000000000000000e+00
9.971634091105685549e-03
2.308300563508993708e-01
-5.786859550422056575e-01
-3.791348726829061877e-01
1.000000000000000000e+00
-7.841646677564920731e-01
1.000000000000000000e+00
8.547476144936120290e-01
1.000000000000000000e+00
-6.161884669802025760e-02
1.000000000000000000e+00
-1.000000000000000000e+00
4.847458129501571733e-01
7.441147062433575154e-01
5.644033682338620572e-01
1.000000000000000000e+00
-2.010332834140347580e-01
-5.922984835824495198e-01
-3.548048991227567561e-01
3.081763737897340039e-01
-8.279445140801727776e-02
-7.473574947570165161e-01
-1.710535882740896740e-01
6.444779150874031526e-01
-1.653885835945556604e-01
-1.000000000000000000e+00
-4.925002584023912000e-01
-1.000000000000000000e+00
6.384480130437886203e-02
1.000000000000000000e+00
-1.346441197777664689e-02
2.603206831856331727e-01
8.481562217448201935e-02
-1.079978625406282644e-01
3.283962604667501894e-01
-7.871255174192476334e-02
4.541395846864681451e-01
-9.945000968376621620e-01
1.083734058533965539e-01
-1.000000000000000000e+00
3.414423011423666221e-01
-1.208321752734357601e-01
-1.000000000000000000e+00
1.000000000000000000e+00
-8.202443789158296861e-01
2.600253042652947988e-01
1.000000000000000000e+00
1.000000000000000000e+00
1.000000000000000000e+00
-5.273844882200573458e-01
-1.000000000000000000e+00
-1.000000000000000000e+00
-1.000000000000000000e+00
-5.862868890591009796e-01
1.775253150069963093e-01
-1.000000000000000000e+00
1.000000000000000000e+00
-8.324059065649385136e-01
6.751886979156112023e-01
-7.069524634893270543e-01
-1.000000000000000000e+00
-5.605290619244092110e-01
-4.734474079369537236e-01
9.767026058425756219e-01
5.158153721659056723e-01
1.000000000000000000e+00
5.829797947984147743e-01
-1.000000000000000000e+00
-1.139063915722582365e-02
-1.012583124351961184e-01
7.628503244250359194e-02
1.000000000000000000e+00
-6.812836469502496772e-01
1.000000000000000000e+00
2.789078858355317769e-02
-4.893703151556277886e-02
-4.435680126689578451e-01
1.000000000000000000e+00
-2.262323136925145639e-01
7.330111841507541692e-01
-2.295246292502006735e-02
-1.000000000000000000e+00
9.113492585704445759e-01
-1.000000000000000000e+00
7.872180403210188304e-01
1.000000000000000000e+00
-9.408627835698242237e-01
-4.525468415941104605e-01
1.000000000000000000e+00
1.000000000000000000e+00
-3.278901836281212234e-01
-1.000000000000000000e+00
1.000000000000000000e+00
9.961874665609393720e-02
5.595495550880076330e-01
-7.189390363211838331e-01
-2.358744690043690362e-02
3.237193235926256740e-01
7.153605853642035495e-01
-4.030749236400831825e-01
-1.000000000000000000e+00
1.000000000000000000e+00
-1.000000000000000000e+00
9.177324409017018070e-02
-1.096917789778516505e-01
-8.607413457728665396e-01
-7.164275690348962389e-01
2.215618295312059560e-01
-1.000000000000000000e+00
1.000000000000000000e+00
-2.126339444082206986e-01
-1.000000000000000000e+00
-4.527984000348717064e-01
2.000862921656573756e-01
-4.222124642379748161e-01
-1.000000000000000000e+00
-1.000000000000000000e+00
1.000000000000000000e+00
1.000000000000000000e+00
-1.000000000000000000e+00
-3.958563482539563250e-01
8.770379622371673456e-01
-1.000000000000000000e+00
-5.592293394501636206e-01
-1.000000000000000000e+00
1.000000000000000000e+00
-6.496728184181237431e-01
4.962392978614025285e-01
-7.919142218348679263e-01
1.000000000000000000e+00
1.000000000000000000e+00
5.407026200565854257e-01
4.138995202524810568e-01
-5.212046678813935241e-01
-1.000000000000000000e+00
-1.000000000000000000e+00
1.000000000000000000e+00
-3.602855879823794183e-01
1.000000000000000000e+00
4.430836556594789366e-01
-1.661573202367173652e-01
-5.331748894671342609e-02
-4.345099979260507728e-01
-1.000000000000000000e+00
-1.000000000000000000e+00
-3.254811189068461674e-01
-1.000000000000000000e+00
1.000000000000000000e+00
-1.110407178637839998e-02
4.001827439329364022e-01
-9.247647023320453297e-01
-1.000000000000000000e+00
3.152402192143797244e-01
-2.992882132968404663e-01
-9.370534280209232847e-01
1.000000000000000000e+00
2.593932345905294312e-01
-1.000000000000000000e+00
-3.577414530622130551e-02
-5.605793843882194150e-01
-2.083401747949220062e-01
1.000000000000000000e+00
-7.507908843308865876e-01
-1.000000000000000000e+00
1.000000000000000000e+00
-4.793098850567825142e-01
-1.000000000000000000e+00
-7.474948509805361407e-01
-4.803231478988804204e-01
-7.681310957383209459e-01
-3.086615111339060524e-01
-2.813077977302392285e-01
1.000000000000000000e+00
3.926993400288911751e-01
1.000000000000000000e+00
-1.000000000000000000e+00
1.000000000000000000e+00
1.000000000000000000e+00
-1.146966724300241824e-01
-5.853095338257929825e-02
1.447330011172055508e-01
1.000000000000000000e+00
-8.908388483375053735e-01
8.653720733796760323e-01
4.968133335754132407e-02
-1.000000000000000000e+00
-8.283703388104854959e-01
-3.236522355429359843e-01
-1.000000000000000000e+00
4.956850717901113423e-01
-1.000000000000000000e+00
-2.346214735787510719e-02
-1.011463695251870187e-01
8.089710907082598990e-01
1.000000000000000000e+00
1.000000000000000000e+00
2.696788831804030062e-01
-4.131942058875950896e-01
1.000000000000000000e+00
-3.105957749659473133e-01
-1.000000000000000000e+00
-1.000000000000000000e+00
-1.000000000000000000e+00
1.000000000000000000e+00
1.000000000000000000e+00
4.044576477181111573e-01
2.144509800754779150e-02
8.815411793570351318e-01
-7.280286184203654809e-01
-4.677867096909727462e-01
-1.000000000000000000e+00
-7.043368215366001550e-01
-1.000000000000000000e+00
8.806482188809509060e-01
-1.000000000000000000e+00
8.190930955104441802e-01
5.852633517487831893e-01
1.000000000000000000e+00
1.790869551382250346e-01
3.416803340515968124e-01
9.632321598361004433e-01
7.158751556801901117e-01
-1.000000000000000000e+00
-2.162939349823400637e-02
-6.639752924801334277e-02
1.000000000000000000e+00
-1.962194731090353139e-01
1.000000000000000000e+00
-5.525423571201879547e-01
8.156767471755719257e-01
-1.000000000000000000e+00
-1.000000000000000000e+00
-9.431640663321130269e-01
7.486820179060611480e-01
9.966036691864672559e-01
-2.561002021780222626e-01
1.000000000000000000e+00
-1.000000000000000000e+00
-9.563954340685751898e-01
-7.767678647285648497e-01
-1.000000000000000000e+00
1.000000000000000000e+00
-5.608784904264922933e-01
-5.505561133796016415e-01
-4.554446759104378573e-01
-1.000000000000000000e+00
9.482878798452495372e-01
1.000000000000000000e+00
4.173660202293731358e-01
-1.000000000000000000e+00
-1.000000000000000000e+00
-1.000000000000000000e+00
1.000000000000000000e+00
8.749603273859856145e-01
3.876515868797365538e-01
