-5.632613480102366399e-01
8.981651559606612656e-01
6.580310735716512482e-01
7.081997222620439736e-01
-5.128255929912335365e-01
-1.841755542183116934e-02
-7.979829096169248626e-01
-9.847029423265523107e-01
6.985696025401888498e-01
4.990545070528252802e-01
-6.443678592797184024e-01
-9.105376204022781472e-01
-7.150109124857864096e-01
8.521850554045560244e-01
6.257673083070512676e-02
-3.309003084385075399e-01
-5.956173639088244709e-01
-6.043202607201630938e-01
9.465756937033089624e-01
-9.410289511480838254e-01
-2.679862118238510726e-01
5.374455323359303982e-01
8.492794244442113394e-01
-8.301780593917147399e-01
-3.155817324125975154e-01
2.470208091727710276e-04
-1.000000000000000000e+00
-9.910021857177457871e-01
9.758962657559198117e-01
1.000000000000000000e+00
7.893286357767710371e-01
-5.456022442593114752e-01
5.634543026060028215e-01
-7.414115356504278331e-01
-4.129609606346067996e-01
7.697766331793329808e-01
4.334657388634248765e-01
-4.558207518633694555e-01
9.783755632186247331e-01
4.348248063363506777e-01
5.738440382921898841e-01
-9.021962683026423235e-01
1.000000000000000000e+00
-4.001823198572836970e-01
-9.500585553152394169e-01
2.134665911656702386e-01
7.078177495392466989e-01
-8.232613728853144242e-01
9.450003234733236335e-01
1.616317037900107945e-01
-6.351428751274643680e-01
1.000000000000000000e+00
3.058531120768556155e-01
3.805246904622882481e-02
-6.281323432280659924e-01
-4.080317398655008976e-02
-2.023146503340664260e-01
7.085168840417448433e-01
7.529984118889446743e-01
-3.847485877598929571e-01
8.147678007671875777e-01
-4.330639032657399579e-01
-3.033638957851160223e-01
-9.412696777314361052e-01
2.428782743182653636e-01
-5.573750125330489968e-01
-8.923587868203318729e-01
-8.478583623051434426e-01
-6.571062222798815800e-01
4.991633567893552503e-01
3.120847193564680877e-01
7.027915176729345736e-01
1.416799126460682734e-01
4.591515981114444589e-01
-9.353536585241810641e-01
1.000000000000000000e+00
-8.540289856638776100e-02
-1.926719523087672137e-01
8.778956173934243656e-01
5.782100475665743478e-01
9.810013608240795158e-01
-1.000000000000000000e+00
-1.000000000000000000e+00
-9.944237205476804675e-01
-3.709184831123653048e-01
-2.924563946666604020e-01
7.784685761281109340e-01
9.317260062929577646e-01
3.290860401106892597e-01
6.292400245000481229e-01
-9.827792135889485969e-01
8.334475245767840601e-01
6.811151696431406721e-01
9.921262788751310513e-01
3.445176700491574540e-01
-1.942183227095218290e-01
-9.776950467725602500e-01
-6.758934167318533248e-01
-8.130884539592109217e-01
6.034884758897838264e-01
-8.681968028250385272e-01
-9.877465444300334019e-01
-4.173363527019677832e-01
1.000000000000000000e+00
-6.380414916770251743e-01
-9.422451970417944356e-01
9.086737519825993648e-01
1.974402831978329942e-01
-9.358181605921982449e-01
8.788727175573691763e-01
8.356104384129006135e-01
6.728448719168262926e-01
5.896314405540399317e-01
-6.059292896404002704e-01
4.811040266918916730e-01
-1.538419374550620833e-01
9.406601301998032127e-01
3.729576996393108024e-01
8.248460980734145798e-03
2.875774250355651596e-01
9.626095886876073759e-01
2.936938738953873695e-01
7.763005668047224805e-01
1.000000000000000000e+00
9.965217464799380753e-01
-3.368545398943431635e-02
3.587176063541532289e-01
3.222918849595299839e-01
-3.002955676597890422e-03
7.044839566591213353e-01
-7.853222407379506498e-01
5.539192628562999987e-01
2.929448422551711451e-01
8.532269888617008968e-01
9.742476917728351005e-01
-5.937489302618123022e-01
4.994593872088316511e-01
-3.161131443525790341e-01
3.372355951668296048e-01
4.306699288278855176e-01
-4.777296590996951697e-01
-1.742088698479027364e-03
-7.341186764620294403e-01
3.633626815689229295e-01
9.594745741313304155e-01
-7.755972273607805167e-01
-5.779133680389396677e-01
-2.306632761637086304e-01
1.000000000000000000e+00
3.682135551705377763e-01
6.115397522822519499e-02
-3.965181237641569600e-01
5.764035412176082840e-01
7.626035834032524052e-01
4.341662733682011971e-02
-4.885768438937360680e-01
2.087978106011261215e-01
-7.348692257456708177e-01
-7.494910592312044317e-02
-6.626491828323006761e-01
-9.940396664195995102e-01
9.454048520653910437e-01
-8.083653914039107269e-01
-8.633035318317602291e-01
8.269254507266241561e-01
9.419865345990651173e-01
-4.434948353753109807e-01
-7.475439044008791445e-01
-2.674917645488883999e-01
-9.059628064145850423e-01
6.083119431633741137e-01
-1.000000000000000000e+00
-4.263260295183135540e-01
8.134550840527039473e-01
8.637004276299588001e-01
2.400605975287702365e-01
2.256681847258338314e-01
-5.674593653430398676e-01
-1.000000000000000000e+00
-3.463805026234660911e-01
9.870552062696140716e-01
5.521930152810743397e-01
9.665156038503931457e-01
1.031502063708519823e-01
-3.553999057647581061e-01
2.348396555788808127e-01
-1.635625916771246968e-01
-6.958375600893569324e-01
7.418089338054370541e-02
-5.963040272262161157e-01
2.615604822801254059e-01
3.687263124339562048e-01
5.613595984533160665e-01
-7.126717313684585164e-01
-6.711753487374265692e-01
2.185474668576126711e-01
7.998898604692745717e-01
8.453568773458730590e-01
1.000000000000000000e+00
-7.856156874647390875e-01
-1.000000000000000000e+00
-9.636604031545300542e-01
9.779198224033487374e-01
7.680884451313234607e-01
7.768949736676288298e-01
1.948514520245399062e-01
6.449861574512233409e-02
1.270103174947715130e-01
1.000000000000000000e+00
7.600199672729812672e-01
-4.105213845920716031e-02
3.266633073965619083e-01
5.728561502379768411e-02
6.238174618098968338e-01
-3.249440544452100732e-02
-5.915869992786615406e-01
8.995181603857160813e-01
6.633504717911613557e-01
6.141905194195595996e-01
4.887939833213905128e-01
-9.636277827941595042e-01
-4.602918109240898281e-01
5.794186886290024763e-01
4.830725158396635965e-01
-7.911274055575514552e-01
6.707737877180155461e-01
1.740066556442275703e-01
8.385171614250551686e-01
9.869767687524446664e-01
8.516160692935733634e-01
-6.157743750571995633e-01
-9.178342441490462411e-01
5.704198253266189456e-01
-4.204120232257510525e-01
-7.550802613310302058e-02
-2.084567229405465127e-01
-1.871650913232522917e-01
8.081611011696286928e-01
-8.247620028462377961e-01
-7.003075202311432879e-01
4.801455750183716287e-01
-3.600843945609193408e-01
9.986896240960799753e-01
6.844147411487229160e-01
-4.977931092217953712e-01
8.967264005539923311e-01
1.705022746984535265e-01
9.653520872259100383e-01
2.804003470836729517e-01
6.551675455720625818e-01
-3.187089108249935299e-01
9.842736428840419549e-01
-9.956659965874883333e-01
-7.390513438937083013e-01
-2.165762955644486010e-01
1.616652799662199047e-01
-9.829092239235281969e-01
-2.143733741649880287e-01
8.565246172535913027e-01
-1.000000000000000000e+00
-6.254859899954947622e-01
7.542719813061493639e-01
-8.572791229914777933e-01
4.921357066884101128e-01
8.104514502675288501e-01
