4.906249879298129057e-01
-1.000000000000000000e+00
2.337148146302369112e-01
2.353983441170578450e-01
7.718530316304366146e-01
5.839217370461782242e-01
1.000000000000000000e+00
-3.197653081359507210e-01
6.696878589379223756e-01
-6.376066305932134304e-01
7.939441114884653317e-01
-5.403587134012376447e-01
-1.000000000000000000e+00
-4.427004971121359933e-01
9.144209023377702916e-03
-3.046081822881495649e-01
-1.000000000000000000e+00
-9.960203815198620525e-01
1.000000000000000000e+00
-4.973829404586236347e-01
4.496389799490644879e-01
-1.000000000000000000e+00
-3.828047790579481857e-01
-2.939189900682914747e-02
1.000000000000000000e+00
-3.135695865857204834e-01
-2.264465136616477248e-01
-1.000000000000000000e+00
-9.907393027368902594e-01
-1.844663683921244912e-01
-1.508358450945826434e-01
-8.972080411203487982e-01
7.485464348875869867e-01
-2.877316116041032101e-01
-7.270259892415151803e-01
4.609872146586415642e-01
-7.638296448213330869e-01
1.778908380113914112e-01
-1.866726521169140840e-01
-7.120980222050166120e-02
-5.036592093421004002e-01
1.000000000000000000e+00
1.000000000000000000e+00
1.243899461007627050e-01
6.745718413150447734e-01
1.223513942252903997e-01
8.654932481527657373e-01
-1.000000000000000000e+00
-5.008418209603919813e-01
-3.959000246005360824e-01
1.000000000000000000e+00
1.000000000000000000e+00
-1.246971998441474550e-01
-9.050199438841566302e-01
2.884765285255946887e-01
9.920521446259961129e-01
1.000000000000000000e+00
-1.100481561908488726e-01
4.819737932446400697e-01
1.000000000000000000e+00
-5.193900605957578742e-01
-9.018124835987231247e-01
-1.000000000000000000e+00
1.807394708471158351e-01
-1.000000000000000000e+00
1.306825430843258085e-01
1.000000000000000000e+00
4.731781873427706175e-01
3.017389582213325649e-02
-4.516029283988903242e-01
1.000000000000000000e+00
-6.912618321864887339e-01
-1.953341003663924269e-01
3.806736116859773533e-01
6.711810528117749808e-01
-8.597587329892451002e-01
-9.651076283767572317e-01
-9.214408141291632326e-01
-1.000000000000000000e+00
3.812420246481533770e-01
-1.000000000000000000e+00
6.811716009848387543e-01
8.193136957328929215e-01
6.203407203651755131e-01
2.056923800736789598e-01
5.676925515673376665e-01
-1.000000000000000000e+00
4.681372782559021228e-01
4.975256930357325746e-01
0.000000000000000000e+00
8.340265028741947750e-01
7.584828443216542482e-01
2.565710294182019791e-01
4.048414462952877324e-01
1.000000000000000000e+00
1.348769856268520195e-01
7.768749037527239443e-01
9.134405446398387030e-01
-4.485862570045590636e-01
1.000000000000000000e+00
1.832518178404032305e-01
-8.731293960979708002e-01
-7.110347046321158215e-02
-1.000000000000000000e+00
2.217930776840338347e-01
-1.045264474373055752e-01
-5.968053393843857357e-01
2.574160267027080229e-01
1.254231050251364277e-01
-3.307858178477165456e-01
1.212525721141157753e-01
-9.382518126040602091e-01
1.000000000000000000e+00
1.309551751028796840e-01
-1.293402520712881865e-01
-4.146098387845284505e-02
-6.619502163854780186e-01
-3.983257320964490589e-01
-6.542343794126319612e-01
-1.073489289811135894e-02
-1.000000000000000000e+00
5.844690793443985122e-01
2.382953058759937348e-02
1.000000000000000000e+00
9.371386843971127867e-01
1.716504420450721269e-01
-1.237902796606890066e-01
9.161053607385958308e-01
-3.823341784256879539e-01
2.336794653135583211e-01
4.973843247802126610e-01
-3.602745304538695903e-01
1.000000000000000000e+00
6.206609648634682230e-01
1.000000000000000000e+00
-8.283033085658098038e-01
-3.095802317763827194e-01
-1.000000000000000000e+00
-1.670277699066478050e-01
1.733249251949956493e-01
-4.426443656451906072e-02
-2.267288107828244748e-01
-5.152524723927817130e-01
-8.669025801403962284e-01
-3.123398189134307668e-01
4.262538620893772112e-01
9.778618927497504387e-01
-1.000000000000000000e+00
-9.215660195974050284e-01
-5.633501004569854143e-01
-1.000000000000000000e+00
-2.336709235595721967e-01
2.740221262404267666e-01
3.809953278363494844e-01
-1.000000000000000000e+00
1.000000000000000000e+00
-7.697666932067298573e-01
-1.000000000000000000e+00
-8.713039685459132988e-01
1.000000000000000000e+00
-5.571050345781701774e-01
-6.158550441218094695e-01
7.905647696312878558e-01
4.885079359061803017e-02
-1.000000000000000000e+00
-9.829231924229357986e-01
9.372266242481650522e-01
6.769798377645124265e-01
1.000000000000000000e+00
7.303096415444605416e-01
-1.000000000000000000e+00
-2.462776345523636223e-01
1.834462955681158414e-01
-1.094853958761484725e-01
8.921276083745460772e-01
6.562286059696051943e-01
3.384096736019986951e-02
5.679878430657163690e-01
4.829226972099964765e-01
1.000000000000000000e+00
1.000000000000000000e+00
1.000000000000000000e+00
-6.748680553257480064e-01
-6.346761502243937203e-01
5.159666871351289430e-01
5.611819092049424862e-01
5.709444624483455133e-01
-1.000000000000000000e+00
1.000000000000000000e+00
-1.000000000000000000e+00
-1.000000000000000000e+00
7.787474421231371791e-02
-6.818777024823048372e-01
7.912615404168268363e-01
-3.517235125282833774e-01
-7.980877126429273272e-01
1.000000000000000000e+00
-5.219932296078515499e-01
2.762687941848379625e-01
5.581123893201966890e-02
-4.887152559754558978e-01
9.964543771661042992e-01
5.517675974087410395e-02
-9.171196458691699416e-02
8.773152467758805750e-01
-1.220493101678792186e-01
-2.170543921357407924e-01
9.869697336421777711e-01
-6.476802250970126185e-02
-2.357367230847530193e-01
-3.362833646754977424e-01
-7.249714217822900153e-02
-5.252650208607677618e-01
2.100589388706814997e-01
5.657034735294061978e-01
3.309398071692815080e-02
7.806248945482884283e-01
8.250275412494347815e-01
-7.480433188894000107e-01
-1.000000000000000000e+00
-4.655387799068163579e-01
-6.518731367486736428e-01
-8.877980892618895226e-01
-1.000000000000000000e+00
6.538103140746912567e-01
-1.000000000000000000e+00
-5.312245093322027767e-01
-1.000000000000000000e+00
-9.601864683032423908e-02
-1.000000000000000000e+00
-8.540902920090425177e-01
-3.477930434470428156e-01
4.947030950856408094e-01
-1.000000000000000000e+00
-4.355962136935156992e-01
-1.000000000000000000e+00
-8.745593301722394131e-01
1.000000000000000000e+00
-6.001786430490452240e-02
-1.000000000000000000e+00
7.658260922284938488e-01
-2.131504847034255135e-01
-1.000000000000000000e+00
1.659589693681515210e-02
1.722875846684192580e-01
-1.000000000000000000e+00
-4.868593416858861822e-01
9.576844082321516183e-01
3.278876871101079615e-01
9.565971058861397758e-01
-4.916414312162642464e-01
1.000000000000000000e+00
-1.000000000000000000e+00
-5.399522088318259305e-02
-5.424869180388758316e-04
-7.355282250562792390e-01
4.509573935022498370e-01
1.199769623676347763e-01
-1.000000000000000000e+00
2.856811875243324694e-01
6.930293460396714789e-01
-6.703015378955196057e-01
1.000000000000000000e+00
1.000000000000000000e+00
8.405341312760676864e-01
