2.901284096061684803e-01
1.000000000000000000e+00
7.328743540761023523e-02
1.802207462411637984e-01
-1.000000000000000000e+00
-1.000000000000000000e+00
1.000000000000000000e+00
-2.285193710569755066e-01
-1.000000000000000000e+00
8.289201836653139477e-01
-1.000000000000000000e+00
-3.523169897698892328e-01
5.509399437518610609e-01
-3.310897442575647109e-01
-2.382278785008071220e-01
2.774048553699532960e-01
1.000000000000000000e+00
1.000000000000000000e+00
1.000000000000000000e+00
9.130949704944032463e-01
7.520642324519957178e-01
-1.000000000000000000e+00
-1.000000000000000000e+00
1.000000000000000000e+00
-8.379541141030082407e-01
-8.195350137225618781e-01
-1.000000000000000000e+00
-8.806887184495434395e-01
-5.694571934256963397e-01
5.630594872199810030e-01
-1.000000000000000000e+00
-6.688395872833978739e-01
4.600937422942266708e-01
1.000000000000000000e+00
1.000000000000000000e+00
1.000000000000000000e+00
-1.000000000000000000e+00
1.000000000000000000e+00
1.000000000000000000e+00
1.000000000000000000e+00
6.675099288220921467e-01
5.860611618846213178e-01
-4.171099629120504915e-01
4.326375446851857820e-01
1.000000000000000000e+00
5.061381831145563837e-01
1.000000000000000000e+00
-1.000000000000000000e+00
-4.984877572016789271e-01
1.000000000000000000e+00
1.000000000000000000e+00
-9.743015684333549142e-01
4.399659838053702754e-01
-2.112251584608301203e-01
-9.322582769414372583e-02
1.533071749949083129e-01
-1.000000000000000000e+00
1.000000000000000000e+00
5.509009888884819350e-02
-1.000000000000000000e+00
-3.603202164861204482e-01
-1.000000000000000000e+00
1.000000000000000000e+00
-1.136501108920959791e-01
-1.000000000000000000e+00
-2.504652061321978040e-01
-7.681152325444040585e-02
-5.421192663020302227e-02
1.000000000000000000e+00
-3.803071196675001375e-01
-1.000000000000000000e+00
-2.551284702027520890e-01
4.432209212877189497e-01
-1.000000000000000000e+00
-2.274652372525798327e-02
-1.887822766703795840e-01
7.504241224422355527e-01
-3.037456185120808172e-01
-2.878438860823125389e-01
-4.421309235366571722e-01
-8.087164300929057248e-01
-1.000000000000000000e+00
-9.264540983710277677e-01
1.000000000000000000e+00
1.000000000000000000e+00
-1.000000000000000000e+00
2.373651965433154487e-03
-1.000000000000000000e+00
1.000000000000000000e+00
-7.447076884469074898e-01
7.054015876160630860e-01
-1.000000000000000000e+00
7.804813407615511789e-01
3.083230957561795549e-01
-1.000000000000000000e+00
-7.959388106138252095e-01
-2.318506075971439317e-01
-1.000000000000000000e+00
-3.166351700082388199e-01
-1.000000000000000000e+00
1.000000000000000000e+00
-3.402505383041454223e-01
1.000000000000000000e+00
1.000000000000000000e+00
1.000000000000000000e+00
7.493431125484077970e-01
-4.057751548030246180e-01
-6.664442658500716599e-01
-1.000000000000000000e+00
-2.284894122858107113e-01
-1.000000000000000000e+00
-1.888311009625976422e-01
1.000000000000000000e+00
1.000000000000000000e+00
-1.000000000000000000e+00
7.454928904811166657e-01
6.032118350045982957e-01
-1.000000000000000000e+00
5.421340814101669459e-01
-1.000000000000000000e+00
-7.248058583411776112e-02
1.000000000000000000e+00
-1.000000000000000000e+00
-8.746605156177353901e-01
-2.206727413260792248e-01
-1.496601282879613526e-01
-1.000000000000000000e+00
6.458465443652317006e-02
-1.000000000000000000e+00
1.000000000000000000e+00
6.738693704219589353e-01
-8.437364049459527005e-01
1.149267129740216831e-01
-6.852822100726059240e-01
-1.423721872289360757e-01
2.937127265652906272e-01
1.000000000000000000e+00
-1.000000000000000000e+00
1.000000000000000000e+00
1.000000000000000000e+00
4.297685284137470196e-01
1.000000000000000000e+00
-4.433107468415004027e-02
1.000000000000000000e+00
-4.397292527968302833e-01
3.951988315012804343e-01
-1.000000000000000000e+00
-1.000000000000000000e+00
-1.000000000000000000e+00
-1.000000000000000000e+00
1.000000000000000000e+00
-5.181336510932881279e-01
-1.000000000000000000e+00
-8.683987240182109435e-01
-1.000000000000000000e+00
-1.000000000000000000e+00
6.072755877497604260e-01
1.000000000000000000e+00
-4.769744549933012667e-01
-1.000000000000000000e+00
1.000000000000000000e+00
6.043082516374459479e-01
6.274574255397801226e-01
-1.000000000000000000e+00
8.236760793298504302e-01
6.003273605406316271e-01
-1.000000000000000000e+00
7.773103683571339628e-01
-7.001811295245232714e-01
-1.000000000000000000e+00
-6.877773881810202994e-01
-8.318845627341554527e-01
7.977099399761977683e-01
2.165250308641807897e-01
8.456068742064816179e-01
-1.000000000000000000e+00
-5.276950154626765255e-02
-2.424662052153978564e-01
-7.522176507861899619e-02
-1.142243017201754474e-01
-1.000000000000000000e+00
1.000000000000000000e+00
-7.057698726891141749e-01
3.790952626973032036e-02
9.436845888945245564e-01
-6.000000000000000888e-01
9.681809567004220352e-01
1.000000000000000000e+00
3.166823405169975070e-01
-1.365896796503139887e-01
1.000000000000000000e+00
3.557731578910728887e-01
6.710099469973136443e-01
-8.860643867431188259e-01
1.000000000000000000e+00
1.000000000000000000e+00
-1.479937269766523622e-01
-1.000000000000000000e+00
-1.000000000000000000e+00
-1.000000000000000000e+00
-1.000000000000000000e+00
-6.009018913983386057e-01
-5.258111195769936685e-01
-1.000000000000000000e+00
-3.053932909023008291e-01
-4.389611764686118245e-01
9.186892805058187728e-01
2.967541675487195274e-01
3.666912806333085806e-01
-1.000000000000000000e+00
1.000000000000000000e+00
6.480686226966069219e-01
4.904886752914389692e-01
1.176954794778825725e-01
-1.000000000000000000e+00
-1.000000000000000000e+00
-1.000000000000000000e+00
1.526536754279254060e-01
1.000000000000000000e+00
-4.157186144449955822e-01
-6.361558561465748829e-01
-2.133056946587879033e-01
1.000000000000000000e+00
6.426145804832697483e-02
-1.531922465217506191e-01
-1.000000000000000000e+00
-9.014297608932650974e-01
-3.195708632623637246e-01
-6.948067938371682573e-02
8.646773870685625640e-01
-9.849828585047841756e-01
4.085749307951448417e-01
8.318879826308860359e-01
1.000000000000000000e+00
-4.477082909663925858e-01
-1.000000000000000000e+00
1.000000000000000000e+00
3.710342708725345995e-01
7.379222302665922051e-01
1.000000000000000000e+00
-5.550936723337949186e-01
-3.171937389128716145e-01
5.904998698857119033e-01
1.000000000000000000e+00
8.445130920768268989e-01
-1.000000000000000000e+00
-1.000000000000000000e+00
4.886556064218199325e-01
4.161548251842910884e-01
2.022199881744107808e-01
-7.818687595858028194e-01
-1.000000000000000000e+00
1.000000000000000000e+00
1.000000000000000000e+00
1.000000000000000000e+00
1.000000000000000000e+00
1.000000000000000000e+00
-2.234680300248304829e-01
-1.077681395444946288e-01
1.000000000000000000e+00
8.950507614072065188e-01
1.000000000000000000e+00
1.000000000000000000e+00
-1.000000000000000000e+00
-1.000000000000000000e+00
