9.692991558846919542e-01
1.246492629093960969e-01
9.745543460156176341e-01
1.000000000000000000e+00
-8.238404319575479695e-01
2.925518103100955836e-01
-9.961260105904055084e-01
-9.074176121321169131e-01
-4.762683359623894885e-01
-4.163439717924475314e-01
-8.097434927133140281e-01
8.328491741065006115e-01
-1.000000000000000000e+00
8.804698676111538669e-02
-3.936610659378879662e-01
1.000000000000000000e+00
-5.395029456250801658e-01
6.092709957903614804e-01
-8.571162306878994386e-01
-8.959161856065931406e-01
5.652574741005300663e-02
-1.000000000000000000e+00
2.200083414772175672e-01
-2.558191927647963659e-01
-9.696758102350795383e-01
1.000000000000000000e+00
-1.000000000000000000e+00
4.605838855120911735e-01
6.785633368765003892e-01
1.019464231956918876e-01
9.484152921975829154e-01
-8.067447848787010489e-01
-9.971963192594195391e-01
5.172442269945676241e-01
6.278760493853223768e-01
-1.000000000000000000e+00
1.341194122120399346e-01
-9.364306054047989436e-01
9.618953276988437828e-01
2.496325563588410595e-02
-1.000000000000000000e+00
7.384573709787614071e-01
-5.961169287036310882e-01
4.329372697095064115e-01
7.649628382335514898e-01
-9.784451435766878813e-01
-5.496148120746361387e-01
-9.351251429770010004e-01
-6.895292540924391478e-01
-4.116309435276551687e-01
4.553326988080744764e-01
-8.784549120217878260e-01
-8.737611080779861261e-01
-9.511596032044549176e-01
-2.509291629690908465e-01
1.000000000000000000e+00
-9.999923649830243511e-01
-6.302253913510660333e-01
-3.079499303605112703e-01
8.089970136010085078e-01
6.347826948366426247e-01
-4.991392575045853763e-01
-1.708981243477556422e-01
-1.000000000000000000e+00
-1.000000000000000000e+00
6.240490927212792860e-01
8.310403971050339678e-01
3.455567773448718905e-01
8.762926267238722033e-01
9.006801708605467471e-01
-2.732896254480573495e-01
1.347892854249206074e-01
7.934183028683378103e-02
8.745610079195058617e-01
-9.270724845693181226e-01
1.000000000000000000e+00
-9.911911409413971530e-01
2.413502657161324949e-01
3.146723454009971999e-01
-4.463120403883567011e-01
9.823665366868250537e-01
-1.081064755188329007e-01
-8.112612534370526873e-01
4.342718077412431876e-01
3.625244684158739350e-01
-9.935514162363832114e-01
9.797784369555615491e-01
6.009775100599433761e-01
9.529637257507701520e-01
9.251017590904095922e-01
-1.505597380471253022e-01
9.788928896995887641e-01
-1.000000000000000000e+00
9.644775434382231172e-01
7.727723512234274672e-01
-1.035089896808634446e-02
-9.302245355559953799e-01
-2.331113535153243599e-01
-8.390945791206019244e-01
-1.000000000000000000e+00
1.286249886058060676e-02
6.346561991827436022e-02
-1.490112263422302130e-01
1.498286432499366660e-01
1.000000000000000000e+00
8.883698554475254472e-01
-9.556929065644028665e-01
7.201707369853189711e-01
-9.912177483814019752e-01
1.000000000000000000e+00
6.858815202003359923e-01
8.722334131693519899e-01
-8.782449274045953658e-01
-2.094096841081071192e-01
6.159146511612959562e-01
8.656008097741292318e-01
-8.274529856815884266e-01
-8.311415203834585652e-01
1.000000000000000000e+00
-2.186175514183676949e-01
-5.252524099910226285e-01
-9.040870577046113965e-01
7.664790282336466642e-01
-9.513183418979749284e-01
3.167318600232689185e-01
2.513385309261073619e-01
9.877257545120876614e-01
-7.893148459487675517e-01
-1.000000000000000000e+00
-9.603531276093099089e-01
-4.861367312826662679e-01
9.377498195860375918e-02
-9.582712889646192167e-01
-8.716735513733838703e-01
9.829494983898741101e-01
-7.201280129682461340e-01
3.136683215580589046e-01
-5.408892411915504628e-01
9.169825292960127605e-01
-1.000000000000000000e+00
2.880679479323525749e-01
9.603735121578074185e-01
-8.100214695783323204e-01
-9.170175774899671506e-01
3.525579221692680121e-01
9.733698884534187634e-01
3.951623624791704703e-01
1.000000000000000000e+00
9.744185281617187000e-01
-9.822529925386125349e-01
2.996997398131910906e-01
-9.993980618160531737e-01
-5.580563166546074205e-01
-1.000000000000000000e+00
-9.963671733410934817e-01
-1.000000000000000000e+00
-9.875717057738171434e-01
-1.000000000000000000e+00
2.013888301529875857e-02
-1.000000000000000000e+00
1.000000000000000000e+00
-4.629130878149138040e-01
-9.290360602119174249e-01
2.423374187568983207e-01
5.548119306938421591e-01
1.580065944123374422e-01
-1.000000000000000000e+00
8.366217275394507435e-01
5.448040681323129686e-01
-1.000000000000000000e+00
-9.751535988314492531e-01
-3.795129053501040683e-01
7.493870952363559379e-01
-3.379524980394385536e-01
9.748709546032596762e-01
-8.540747268215262977e-01
2.181812551953536961e-01
9.806786885024245670e-01
-7.536368210965176395e-01
-7.112104327634294343e-01
-1.347550289083969954e-01
9.455386194082173734e-01
5.665264567751435720e-01
-6.957547543006998847e-01
-5.008747612962483053e-01
-9.896683413888069936e-01
8.154605290936687290e-01
8.703876076735856948e-01
3.785669920217546447e-02
-1.000000000000000000e+00
-1.347056772717614703e-01
-9.988080823207132752e-01
-2.961750148266328875e-03
-9.857360407482049780e-01
-6.167572851118806598e-01
-1.453401782389511510e-01
-9.581648178863808596e-01
-9.703716440536398480e-01
-9.344620015504417898e-02
-1.799125224505203069e-01
2.374749758386822673e-01
-8.760544228755500207e-01
-1.000000000000000000e+00
2.096833523460080173e-02
1.258317057081088930e-02
-7.623496042077221313e-01
4.193563254735699353e-02
-9.970973722530136474e-01
-8.457732775667032854e-01
5.304966222042128976e-02
-5.741473264865559756e-01
-3.096354933837930368e-01
-9.560103722320554276e-01
-6.570034740555751041e-03
9.194942033614497134e-01
-7.802962371772627082e-01
-2.393627633746855249e-02
3.617834528971713981e-01
8.041903700686513501e-01
2.723441644584416732e-01
6.759376963472333300e-01
9.164426163570644768e-01
-3.415962371831604005e-01
-7.760959687247689365e-01
1.000000000000000000e+00
-4.299841046464739636e-01
9.999007738778975529e-01
2.949255327949593664e-01
-1.009548892754980054e-02
1.672345908759433897e-01
-1.000000000000000000e+00
4.283028289374916642e-01
6.744851256693519259e-01
-4.357081985064973351e-01
1.000000000000000000e+00
-5.768137338883267962e-01
9.137984454126170109e-01
9.832908880857341716e-01
4.752818629723587485e-01
-4.157492033539774701e-01
-4.760975372778240566e-01
7.185537020778349770e-01
3.439954876394283323e-01
-6.783287286669844596e-01
-8.446450417129880428e-01
-8.260806946535341755e-01
-9.305904575556045444e-01
4.303274016794443324e-01
-9.250525011218949656e-01
9.113563252770597867e-01
-3.561931429855178521e-01
-7.371896353886617792e-01
1.192147919320326876e-01
-9.850358433165720684e-02
1.523042712402364329e-01
-3.440305802734662799e-01
-1.000000000000000000e+00
1.000000000000000000e+00
-3.889805662859430191e-01
-9.054872533085849273e-01
7.648555377248847376e-02
-9.194687414219073762e-01
-5.617874877656285904e-01
-1.000000000000000000e+00
-1.000000000000000000e+00
