-1.757296927116162033e-01
2.091793264386952733e-01
-2.694428419882008430e-01
1.000000000000000000e+00
-1.000000000000000000e+00
1.000000000000000000e+00
-6.854388814670662189e-01
9.103448278470033239e-02
-1.000000000000000000e+00
-6.649666164887195752e-01
1.000000000000000000e+00
4.574639493051512740e-01
-5.397635740097211920e-02
1.000000000000000000e+00
1.000000000000000000e+00
-1.000000000000000000e+00
1.000000000000000000e+00
9.894496783363351256e-01
1.000000000000000000e+00
7.406203819743624184e-01
-1.000000000000000000e+00
1.000000000000000000e+00
1.789054792439342956e-02
-7.195521624448046882e-01
-9.135774862464101087e-01
-4.175630384347061574e-01
1.000000000000000000e+00
9.499512471408306791e-01
1.000000000000000000e+00
5.778114596197836406e-01
-1.000000000000000000e+00
3.215311042733973168e-02
1.000000000000000000e+00
1.000000000000000000e+00
-1.000000000000000000e+00
1.609534857154904242e-01
8.281431893076394990e-02
-7.684010058540284849e-01
-2.496671694823560661e-01
1.000000000000000000e+00
1.000000000000000000e+00
9.744186650274917483e-01
-7.928277885947926373e-02
-1.000000000000000000e+00
-8.398673816853181595e-01
-6.140333896854502926e-01
-4.147103676677688089e-02
-1.000000000000000000e+00
-7.915124291625996733e-02
9.904350740539682452e-01
-7.035981619604523285e-01
1.000000000000000000e+00
-1.000000000000000000e+00
-1.155291202434642617e-01
-1.000000000000000000e+00
2.062919906100110501e-01
1.000000000000000000e+00
5.825720607154435404e-01
1.992908508220517794e-01
-9.289536063292318513e-01
-2.729397805733718707e-02
-7.155232811681750960e-01
1.000000000000000000e+00
8.627473087421333453e-01
-1.000000000000000000e+00
1.000000000000000000e+00
9.766241155754560310e-01
5.477499268871859339e-01
-1.000000000000000000e+00
-9.985077897100942401e-01
-1.000000000000000000e+00
-3.078747667045234060e-01
9.853270936565877713e-02
9.076347734233297659e-03
-6.151547693100248848e-01
1.000000000000000000e+00
-7.859002261691390157e-01
-4.458298318347745370e-01
1.000000000000000000e+00
-3.884640676126639436e-01
-1.000000000000000000e+00
-9.664540711736303580e-01
1.000000000000000000e+00
9.929794224372008316e-01
-5.717902756089452421e-01
-1.000000000000000000e+00
1.000000000000000000e+00
8.371551863504012037e-02
1.000000000000000000e+00
-1.000000000000000000e+00
6.379872473485790341e-01
1.531282386422601061e-01
1.000000000000000000e+00
4.385675000606182872e-01
1.000000000000000000e+00
1.000000000000000000e+00
1.000000000000000000e+00
4.129905898174350831e-01
-1.000000000000000000e+00
-1.000000000000000000e+00
5.458206147305708633e-01
-9.246148843994135280e-01
9.978299773258232364e-01
4.226873773710459470e-01
1.000000000000000000e+00
-1.526776297462340559e-01
-6.282059040910510372e-01
4.180185970905184734e-01
2.656217337402626277e-02
1.000000000000000000e+00
3.949876774681360114e-01
1.490738488929567174e-01
4.532366948289971442e-01
-7.987736314376002733e-01
-1.000000000000000000e+00
1.000000000000000000e+00
-9.458175631080628643e-01
1.000000000000000000e+00
8.048924110644177787e-01
1.000000000000000000e+00
5.573794667819929050e-01
-2.668297218260285431e-01
1.000000000000000000e+00
-3.292408620345230741e-01
-8.855368063647257593e-01
1.000000000000000000e+00
-5.695367941991724692e-01
1.000000000000000000e+00
-1.000000000000000000e+00
-1.000000000000000000e+00
-1.307878547846018646e-01
-7.471551174786967842e-01
-7.607316628692417648e-01
1.000000000000000000e+00
-7.096956572334522928e-01
7.043746053243151728e-01
1.000000000000000000e+00
-2.299645353739481202e-01
1.990168569891047068e-01
1.000000000000000000e+00
6.802280848462186613e-01
1.000000000000000000e+00
2.563144856327177479e-01
-9.978920276452880600e-01
1.752903603751837514e-01
4.716576755872079474e-01
-9.951742730052371977e-01
-9.625782684386290367e-01
7.287870006815266866e-01
1.000000000000000000e+00
-9.511042711929647009e-01
6.192763078718674929e-01
-9.303904573943697631e-01
1.697004855123989686e-01
9.775678359826824870e-01
7.947435080205169644e-01
-8.731872484499791920e-02
-1.431379159806775436e-01
-1.000000000000000000e+00
4.134441489537385439e-01
8.206412573183399228e-01
6.075801633513511213e-02
-1.000000000000000000e+00
-3.757711024469160277e-01
-9.881135924730897191e-01
7.035478279328932771e-01
-1.000000000000000000e+00
-1.075497713009762324e-01
-9.994230743460719157e-01
-5.235532493041800128e-01
1.000000000000000000e+00
3.616837413801465284e-01
-6.576748798817403374e-01
2.513303582701147121e-02
-1.000000000000000000e+00
3.722777871739922917e-01
1.000000000000000000e+00
1.000000000000000000e+00
-5.097065402014963054e-01
6.780624600172172611e-01
-1.000000000000000000e+00
-9.293881447350511582e-01
-1.517574793385034759e-02
7.168799675042543118e-01
-1.000000000000000000e+00
1.000000000000000000e+00
-8.918675041437131856e-01
-1.000000000000000000e+00
6.133878918174485717e-01
-7.773754011831304211e-01
1.000000000000000000e+00
9.972491746387806000e-01
7.105065500555372004e-01
-6.347715087640466436e-01
-1.000000000000000000e+00
-9.044207607789163106e-01
9.953811940697063765e-01
1.000000000000000000e+00
-1.698570276154487413e-02
1.000000000000000000e+00
1.000000000000000000e+00
-2.794557414385168137e-03
4.300194271737052265e-01
-8.420337221375904235e-01
1.538717466257140121e-01
-5.212462595237172813e-01
-9.942488626971398569e-01
-1.000000000000000000e+00
-1.000000000000000000e+00
-2.291853339109484466e-01
1.000000000000000000e+00
-9.432126502470757901e-01
-4.266308816694833195e-02
1.000000000000000000e+00
-1.000000000000000000e+00
-1.000000000000000000e+00
-5.099970521479146868e-01
6.088824012589562074e-01
-1.000000000000000000e+00
-1.000000000000000000e+00
-9.246893975025212153e-01
-1.000000000000000000e+00
7.086323261408775664e-01
-3.127820239523028123e-01
-7.956368982945268842e-01
8.744817027320321845e-01
-1.000000000000000000e+00
-1.000000000000000000e+00
-1.000000000000000000e+00
8.528305654841827899e-02
-9.952371387601588459e-01
9.820586443136327670e-01
1.847654526661289820e-01
4.582759150522655034e-01
-9.117560260052459675e-01
-1.000000000000000000e+00
-6.414961121711852954e-01
-1.000000000000000000e+00
5.477964304815708951e-01
-6.733942577494733683e-01
-1.000000000000000000e+00
9.999190330728956466e-01
1.000000000000000000e+00
3.690183247617636608e-01
5.772237722785447112e-01
-1.000000000000000000e+00
5.809299860157883799e-01
1.000000000000000000e+00
1.000000000000000000e+00
-1.000000000000000000e+00
-9.937013000107088878e-01
6.472440984165682698e-01
9.970796286032213018e-01
-1.000000000000000000e+00
9.757319364958633168e-03
-5.795077367096388432e-01
4.040922426368909748e-01
1.000000000000000000e+00
1.000000000000000000e+00
-1.000000000000000000e+00
-2.454448111352277029e-01
-2.182258453144897692e-01
9.250135064721405342e-01
6.147179900556928311e-01
8.483358404438179345e-01
