1.292255898872746722e-01
4.024610532008092711e-01
5.841177726566849637e-01
-1.000000000000000000e+00
-1.000000000000000000e+00
-9.328329063014123568e-01
1.000000000000000000e+00
1.732312892207954480e-02
5.642261659307532540e-01
-6.585468121397475283e-01
1.000000000000000000e+00
1.000000000000000000e+00
1.000000000000000000e+00
6.855183605357129117e-01
-2.465597357190626449e-01
9.475924392942123298e-01
5.294896851593375864e-01
-4.281980473898499562e-01
1.000000000000000000e+00
2.223644166780491815e-01
-1.663024585614871764e-01
1.000000000000000000e+00
2.073707361243104508e-01
1.737531522535356032e-01
-3.579228455646675799e-01
-3.109567185593854477e-01
4.101064447804942947e-01
1.000000000000000000e+00
2.776411430874387021e-02
1.000000000000000000e+00
1.204858594650712322e-01
1.521695524148372058e-01
-5.731625611113180252e-01
8.698740001609486239e-01
-1.000000000000000000e+00
-7.647632457406875472e-01
4.830097587198660669e-01
-1.000000000000000000e+00
-3.685910617539361889e-01
-8.236781539864213020e-01
-3.850190191002247353e-01
1.200209005819355967e-01
1.000000000000000000e+00
-1.000000000000000000e+00
-1.000000000000000000e+00
3.126586599701549618e-01
-1.206543276809509679e-01
1.000000000000000000e+00
-8.264892876912746100e-01
-2.714742196223045023e-01
-5.631305696172345110e-02
7.367991260082353833e-01
1.000000000000000000e+00
1.000000000000000000e+00
-7.847384556720058413e-01
1.152195812662860641e-01
-9.649274478726804771e-01
6.625728733551581318e-01
-1.000000000000000000e+00
-5.533654172422346473e-01
1.000000000000000000e+00
1.000000000000000000e+00
3.625397806420763702e-01
1.000000000000000000e+00
-7.844531608913132281e-01
-1.000000000000000000e+00
-4.059108013790264646e-01
-1.000000000000000000e+00
2.532298671614942598e-01
8.031055590770665997e-01
-1.000000000000000000e+00
-3.543481577016008854e-01
-8.563484394316634996e-01
-1.000000000000000000e+00
5.218654384294243442e-01
-3.550996474665918390e-01
-1.000000000000000000e+00
1.481326781503376488e-01
1.000000000000000000e+00
8.907872925882438508e-01
5.487520756040618064e-01
9.591925230105167177e-01
7.623140373431495087e-01
-1.000000000000000000e+00
1.000000000000000000e+00
9.327501256247314743e-01
-9.445502637803385726e-01
3.330190015109435464e-01
-1.000000000000000000e+00
-5.167004606434366654e-01
-1.000000000000000000e+00
6.605897423938045243e-02
-7.563791803666526370e-01
1.000000000000000000e+00
1.000000000000000000e+00
-1.000000000000000000e+00
8.999260380632072565e-01
6.708588658992526987e-01
1.000000000000000000e+00
-1.644282981805422761e-01
-9.458628056206954682e-01
-1.000000000000000000e+00
3.151141245259191370e-01
7.877210630168133276e-01
-1.000000000000000000e+00
-4.511691489000504429e-01
2.574758478402016104e-01
-3.892540121593144331e-01
-2.796403156702080839e-01
1.000000000000000000e+00
-1.461127230243119968e-02
2.839199886786560323e-01
1.000000000000000000e+00
1.000000000000000000e+00
-2.152854790233864613e-01
6.100256526556996350e-01
1.000000000000000000e+00
-1.000000000000000000e+00
1.000000000000000000e+00
-1.000000000000000000e+00
-1.000000000000000000e+00
1.000000000000000000e+00
4.334710191110645039e-01
7.298273233401894045e-01
-8.011015118192726936e-01
-1.000000000000000000e+00
-9.372475793841050784e-01
-1.000000000000000000e+00
-4.795537575200553015e-01
-5.352537902344471910e-01
8.593040520362194012e-02
-9.801623453136061315e-01
-1.000000000000000000e+00
-1.000000000000000000e+00
-5.846249471961696420e-01
1.000000000000000000e+00
9.266016988907743723e-01
-1.000000000000000000e+00
1.000000000000000000e+00
-1.000000000000000000e+00
-1.000000000000000000e+00
8.562958417022801250e-01
1.081377998917798511e-02
1.000000000000000000e+00
-1.000000000000000000e+00
1.363146209196209324e-01
1.000000000000000000e+00
-1.000000000000000000e+00
1.000000000000000000e+00
-1.000000000000000000e+00
-1.000000000000000000e+00
1.425531988478201395e-01
-5.895008065382900675e-02
8.196926924673061388e-01
7.041147373188150205e-01
-7.505993016213878821e-01
4.837816494144630552e-01
-7.472218170957622974e-01
-9.862643839051737915e-01
-1.000000000000000000e+00
6.460064431680361263e-01
2.391454066736693473e-01
1.000000000000000000e+00
-4.913519289836964510e-01
9.950194720094995837e-01
-1.000000000000000000e+00
2.713165676945189508e-01
-1.000000000000000000e+00
-1.455489783610375287e-02
-1.000000000000000000e+00
5.631332235225345872e-01
1.000000000000000000e+00
-1.000000000000000000e+00
8.594551207156975181e-02
1.000000000000000000e+00
-4.454179729034084545e-01
-6.161955527262332755e-01
-9.030049486992579588e-01
-7.312506315670456170e-01
-9.326322132584582425e-01
-1.000000000000000000e+00
1.000000000000000000e+00
1.000000000000000000e+00
1.000000000000000000e+00
-5.234172986335574596e-01
-4.476805237551810812e-01
3.235129587223541936e-01
1.000000000000000000e+00
4.212605408853553057e-01
1.000000000000000000e+00
9.331326288055366014e-01
-1.000000000000000000e+00
9.981027301898712789e-01
-1.392332100750446888e-01
-1.000000000000000000e+00
2.837439261076902808e-01
-1.000000000000000000e+00
1.000000000000000000e+00
1.604679641282089064e-01
8.540718036343419861e-01
1.000000000000000000e+00
5.916673379134540500e-02
-1.000000000000000000e+00
-1.000000000000000000e+00
-1.000000000000000000e+00
1.032117336741301683e-01
1.034750552103105847e-02
-1.000000000000000000e+00
1.000000000000000000e+00
4.944873025946694978e-01
-6.886583244244648405e-01
9.502884382556718856e-01
-1.000000000000000000e+00
7.063169755002289829e-01
4.430656947427520365e-01
-8.246720577795885188e-01
4.037671582081989730e-01
1.324418397415836335e-01
-5.854432883709761448e-01
8.058922938227741639e-03
-1.000000000000000000e+00
-1.000000000000000000e+00
1.000000000000000000e+00
6.355890459527662184e-01
1.000000000000000000e+00
2.818431420664114784e-01
-1.000000000000000000e+00
1.000000000000000000e+00
1.102051169146384124e-01
3.483591211459582393e-01
-1.000000000000000000e+00
8.586107493306978089e-01
-4.122839862680243717e-01
2.575319072772291884e-01
-1.000000000000000000e+00
5.996551239759939644e-01
6.669679656728407791e-01
4.318942959156163997e-01
-1.000000000000000000e+00
-1.000000000000000000e+00
5.459112087039845740e-01
1.469536259689121493e-01
-4.333861510095584069e-01
-8.075730824746796266e-01
-1.000000000000000000e+00
-6.558428129308486731e-01
-7.079864327009871561e-01
-2.699135066746122247e-02
-1.000000000000000000e+00
-1.000000000000000000e+00
-2.685857415619330446e-02
1.334590120298728699e-02
0.000000000000000000e+00
-5.161287453626943744e-01
1.000000000000000000e+00
2.453082712218100925e-01
-5.679448590832714139e-02
3.700133033177898101e-01
-1.000000000000000000e+00
-5.643961938804392675e-01
1.000000000000000000e+00
5.724770924575403042e-01
2.708336334084714414e-01
-3.565863373274230641e-01
4.828122958216956029e-01
