generation,best_fitness,mean_fitness,std_fitness
0,39.013548,-3.212731,8.425157
1,48.174,-0.656326,11.361266
2,48.197882,2.048598,14.724779
3,48.197882,4.921012,16.383844
4,48.197882,10.303897,18.699847
5,48.197882,14.433918,18.873966
6,57.105597,19.465463,19.176295
7,57.105597,25.028215,17.64392
8,94.852506,32.109527,15.798147
9,94.852506,34.619107,14.091815
10,94.852506,38.39279,11.120966
11,94.852506,39.464181,9.992
12,94.852506,41.169624,10.048577
13,94.852506,42.427267,9.956408
14,94.900134,43.877214,10.666472
15,94.900134,44.681222,10.302014
16,94.900134,44.865299,10.277465
17,94.900134,45.597823,11.026183
18,94.900134,46.235534,11.333649
19,94.900134,47.407812,11.775398
20,94.900134,48.297912,11.513824
21,94.900134,48.931112,11.65944
22,94.900134,49.564689,11.776501
23,94.900134,49.827414,11.637308
24,94.900134,50.368217,11.749989
25,94.900134,50.545628,11.707028
26,94.900134,50.82242,11.679044
27,94.900134,51.274464,11.59904
28,94.900134,51.894274,11.715167
29,94.900134,51.989342,11.716026
30,94.900134,52.807285,12.321243
31,94.900134,53.263221,12.239901
32,94.900134,54.36294,12.850392
33,94.900134,54.903622,12.948143
34,94.900134,55.166543,12.837379
35,94.900134,55.912434,13.406302
36,94.900134,56.541486,13.295037
37,94.900134,56.629823,13.208453
38,94.900134,56.720438,13.118187
39,94.900134,57.438929,12.932204
40,94.900134,57.446505,12.937019
41,94.900134,58.041719,13.088234
42,94.900134,58.395003,12.936131
43,94.900134,58.488782,12.893554
44,94.900134,58.581346,12.851824
45,94.900134,58.942037,12.742806
46,94.900134,59.123008,12.844056
47,94.900134,59.301083,12.818503
48,94.900134,60.235461,13.585484
49,94.900134,60.41967,13.420364
50,94.900134,60.975722,13.678286
51,94.900134,61.157837,13.564403
52,94.900134,61.639737,13.69166
53,94.900134,62.173551,13.561639
54,94.900134,62.173551,13.561639
55,94.900134,62.261887,13.439801
56,94.900134,62.819525,13.682033
57,94.900134,62.915492,13.670732
58,94.900134,63.003649,13.603801
59,94.900134,63.091136,13.536732
60,94.900134,63.180765,13.583963
61,94.900134,63.661306,13.635672
62,94.900134,63.840508,13.547484
63,94.900134,64.02013,13.396111
64,94.900134,64.020551,13.395891
65,94.900134,64.108695,13.319855
66,94.900134,64.576465,13.684471
67,94.900134,64.577139,13.685961
68,94.900134,64.855858,13.803904
69,94.900134,65.03393,13.818171
70,94.900134,65.485543,13.756921
71,94.900134,65.485543,13.756921
72,94.900134,65.485543,13.756921
73,94.900134,65.575607,13.791095
74,94.900134,65.667809,13.705021
75,94.900134,66.10105,14.086553
76,94.900134,66.103563,14.084954
77,94.900134,66.299097,14.343666
78,94.900134,66.663987,14.162443
79,94.900134,66.7562,14.187905
80,94.900134,67.200304,14.023591
81,94.900134,67.291639,13.987444
82,94.900134,67.291639,13.987444
83,94.900134,67.401928,14.091233
84,94.900134,67.95889,14.29
85,94.900134,68.338461,14.493033
86,94.900134,68.716513,14.684633
87,94.900134,68.811178,14.69352
88,94.900134,68.901952,14.592801
89,94.900134,68.994047,14.602843
90,94.900134,68.994047,14.602843
91,94.900134,69.172284,14.344552
92,94.900134,69.745602,14.777456
93,94.900134,69.827305,14.78339
94,94.900134,69.827305,14.78339
95,94.900134,69.827305,14.78339
96,94.900134,69.827305,14.78339
97,94.900134,69.827305,14.78339
98,94.900134,69.82833,14.781885
99,94.900134,70.185002,14.677844
100,94.900134,70.185002,14.677844
101,94.900134,70.658727,14.649012
102,94.900134,70.658727,14.649012
103,94.900134,70.836189,14.483266
104,94.900134,70.836189,14.483266
105,94.900134,70.836189,14.483266
106,94.900134,71.016221,14.42517
107,94.900134,71.212689,14.613908
108,94.900134,71.212689,14.613908
109,94.900134,71.860824,14.717453
110,94.900134,71.860824,14.717453
111,94.900134,72.200649,14.470209
112,94.900134,72.200649,14.470209
113,94.900134,72.290599,14.403326
114,94.900134,72.291274,14.404381
115,94.900134,72.291274,14.404381
116,94.900134,72.622125,14.374721
117,94.900134,72.892908,14.399601
118,94.900134,73.263658,14.284932
119,94.900134,73.265928,14.28094
120,94.900134,73.394789,14.350625
121,94.900134,73.674016,14.304836
122,94.900134,73.761696,14.175019
123,94.900134,73.850033,14.155007
124,94.900134,73.939302,14.019995
125,94.900134,74.029635,13.939551
126,94.900134,74.317455,14.067516
127,94.900134,74.317455,14.067516
128,94.900134,74.69512,14.104932
129,94.900134,74.88021,13.93005
130,94.900134,74.88021,13.93005
131,94.900134,74.881257,13.929398
132,94.900134,75.061257,13.813159
133,94.900134,75.061257,13.813159
134,94.900134,75.259548,13.95013
135,94.900134,75.350011,13.86056
136,94.900134,75.350011,13.86056
137,94.900134,75.728643,13.681948
138,94.900134,76.018663,13.776309
139,94.900134,76.018663,13.776309
140,94.900134,76.214714,13.901906
141,94.900134,76.499866,13.987183
142,94.900134,76.587302,13.95024
143,94.900134,76.587302,13.95024
144,94.900134,76.587302,13.95024
145,94.900134,76.766748,13.931709
146,94.900134,76.766748,13.931709
147,94.900134,76.961899,14.045591
148,94.900134,76.970535,14.050938
149,94.900134,76.975096,14.047307
150,94.900134,77.170724,14.157983
151,94.900134,77.259648,14.117104
152,94.900134,77.440273,13.971774
153,94.900134,77.623538,13.940336
154,94.900134,77.624295,13.939221
155,94.900134,77.91204,13.993511
156,94.900134,77.91204,13.993511
157,94.900134,78.002845,13.889446
158,94.900134,78.174179,13.738348
159,94.900134,78.553689,13.609997
160,94.900134,78.554166,13.610569
161,94.900134,78.554166,13.610569
162,94.900134,78.554198,13.610518
163,94.900134,78.554198,13.610518
164,94.900134,78.554198,13.610518
165,94.900134,78.554198,13.610518
166,94.900134,78.554253,13.610583
167,94.900134,78.843118,13.647846
168,94.900134,79.310395,13.562064
169,94.900134,79.400471,13.443028
170,94.900134,79.447203,13.488345
171,94.900134,79.451407,13.483251
172,94.900134,79.451407,13.483251
173,94.900134,79.841999,13.50367
174,94.900134,80.023448,13.317831
175,94.900134,80.218654,13.389594
176,94.900134,80.218654,13.389594
177,94.900134,80.218654,13.389594
178,94.900134,80.218654,13.389594
179,94.900134,80.320794,13.388809
180,94.900134,80.40725,13.267043
181,94.900134,80.40725,13.267043
182,94.900134,80.495216,13.201418
183,94.900134,80.495802,13.201174
184,94.900134,80.495802,13.201174
185,94.900134,80.495802,13.201174
186,94.900134,80.495802,13.201174
187,94.900134,80.584459,13.073224
188,94.900134,80.762041,12.874465
189,94.900134,80.762041,12.874465
190,94.900134,80.762041,12.874465
191,94.900134,80.96043,12.937058
192,94.900134,80.96043,12.937058
193,94.900134,81.035453,12.995791
194,94.900134,81.237995,12.917691
195,94.900134,81.237995,12.917691
196,94.900134,81.327342,12.844478
197,94.900134,81.327342,12.844478
198,94.900134,81.328474,12.843124
199,94.900134,81.328474,12.843124
200,94.900134,81.328474,12.843124
201,94.900134,81.328528,12.843181
202,94.900134,81.328528,12.843181
203,94.900134,81.328528,12.843181
204,94.900134,81.796248,12.596998
205,94.900134,82.089072,12.493356
206,94.900134,82.284574,12.537456
207,94.900134,82.284574,12.537456
208,94.900134,82.47978,12.578617
209,94.900134,82.567785,12.431861
210,94.900134,82.567785,12.431861
211,94.900134,82.65978,12.343162
212,94.900134,82.661451,12.340933
213,94.900134,82.946657,12.28827
214,94.900134,82.946657,12.28827
215,94.900134,82.946657,12.28827
216,94.900134,83.030397,12.140654
217,94.900134,83.121702,12.046731
218,94.900134,83.311096,11.924775
219,94.900134,83.508088,11.951852
220,94.900134,83.688088,11.68402
221,94.900134,83.688088,11.68402
222,94.900134,83.777815,11.512016
223,94.900134,83.777815,11.512016
224,94.900134,83.777815,11.512016
225,94.900134,83.868786,11.33492
226,94.900134,83.868786,11.33492
227,94.900134,83.868786,11.33492
228,94.900134,83.881584,11.336426
229,94.900134,83.881584,11.336426
230,94.900134,83.881584,11.336426
231,94.900134,83.969021,11.163233
232,94.900134,84.148405,10.872745
233,94.900134,84.148405,10.872745
234,94.900134,84.148405,10.872745
235,94.900134,84.148405,10.872745
236,94.900134,84.236708,10.687427
237,94.900134,84.236708,10.687427
238,94.900134,84.243424,10.676564
239,94.900134,84.297842,10.699718
240,94.900134,84.297842,10.699718
241,94.900134,84.297842,10.699718
242,94.900134,84.297842,10.699718
243,94.900134,84.297842,10.699718
244,94.900134,84.297842,10.699718
245,94.900134,84.297842,10.699718
246,94.900134,84.297842,10.699718
247,94.900134,84.297842,10.699718
248,94.900134,84.487851,10.545532
249,94.900134,84.487851,10.545532
250,94.900134,84.487851,10.545532
251,94.900134,84.487851,10.545532
252,94.900134,84.49108,10.539814
253,94.900134,84.513952,10.545217
254,94.900134,84.513952,10.545217
255,94.900134,84.514117,10.545377
256,94.900134,84.514117,10.545377
257,94.900134,84.514117,10.545377
258,94.900134,84.514117,10.545377
259,94.900134,84.61038,10.59569
260,94.900134,84.61038,10.59569
261,94.900134,84.61038,10.59569
262,94.900134,84.61038,10.59569
263,94.900134,84.712743,10.644584
264,94.900134,84.716264,10.641316
265,94.900134,84.716264,10.641316
266,94.900134,84.716264,10.641316
267,94.900134,84.716264,10.641316
268,94.900134,84.914034,10.642931
269,94.900134,85.010244,10.687049
270,94.900134,85.010244,10.687049
271,94.900134,85.010244,10.687049
272,94.900134,85.011395,10.688107
273,94.900134,85.011395,10.688107
274,94.900134,85.011395,10.688107
275,94.900134,85.011395,10.688107
276,94.900134,85.011395,10.688107
277,94.900134,85.011395,10.688107
278,94.900134,85.011395,10.688107
279,94.900134,85.206643,10.686529
280,94.900134,85.206643,10.686529
281,94.900134,85.291858,10.566224
282,94.900134,85.291858,10.566224
283,94.900134,85.292276,10.565816
284,94.900134,85.292276,10.565816
285,94.900134,85.293783,10.564365
286,94.900134,85.694676,10.526862
287,94.900134,85.694676,10.526862
288,94.900134,85.694676,10.526862
289,94.900134,85.694676,10.526862
290,94.900134,85.694676,10.526862
291,94.900134,85.694676,10.526862
292,94.900134,85.694676,10.526862
293,94.900134,85.801312,10.472016
294,94.900134,85.801312,10.472016
295,94.900134,85.801312,10.472016
296,94.900134,85.897539,10.5109
297,94.900134,85.897539,10.5109
298,94.900134,86.184031,10.359397
299,94.900134,86.184031,10.359397
