4.061050080154431363e-01
-1.000000000000000000e+00
5.988607890215799090e-01
1.000000000000000000e+00
1.000000000000000000e+00
-1.000000000000000000e+00
2.812914733262360523e-01
-7.346668855695827061e-01
6.178053522491064875e-01
-1.000000000000000000e+00
3.331663919784654260e-01
-8.493685336507114103e-01
1.000000000000000000e+00
-5.529447489004932770e-01
-5.356280178611878551e-01
1.000000000000000000e+00
1.000000000000000000e+00
7.315668356535137695e-01
5.911219848814752709e-02
-2.630356343975529532e-01
9.503443977289879330e-01
-9.364621326381527000e-01
5.638656200259642981e-01
-3.455021431264803100e-01
-1.324338478263800689e-01
-5.644219208724146064e-01
3.852851628086431668e-01
5.357054499256528324e-01
-9.286450636192938868e-01
7.108439726128961134e-01
1.000000000000000000e+00
1.000000000000000000e+00
-3.947051688797172941e-01
-5.301410572188041126e-01
9.873113015502189560e-01
0.000000000000000000e+00
-4.690727724873871574e-01
7.693477562524119184e-01
1.447707148641130814e-02
1.532751733164956498e-01
-2.876602744555707414e-01
1.759353717116451943e-02
-1.000000000000000000e+00
-3.291586376170825279e-01
4.718429493191266810e-01
2.318781701373393567e-01
-1.000000000000000000e+00
1.708940366960930435e-01
4.796494746351244176e-01
-1.000000000000000000e+00
6.740060163577437091e-01
-1.000000000000000000e+00
7.454745009026050306e-01
6.627086973716804774e-01
-1.279070777019646332e-01
7.231171065801481612e-01
1.485238862832610751e-01
-1.000000000000000000e+00
-1.000000000000000000e+00
1.000000000000000000e+00
-9.534964133449674861e-01
-3.499262420514632210e-01
4.439189675952663339e-01
-1.701870931741514548e-01
5.458609343912546041e-01
2.498825635718396887e-01
3.724055724563827829e-01
2.485618230556345953e-01
6.376959255477074318e-02
-1.000000000000000000e+00
-1.000000000000000000e+00
1.433631587559041076e-01
-9.694445616705773539e-01
-1.000000000000000000e+00
-1.000000000000000000e+00
-2.183328737482879145e-01
-6.155587511867188777e-01
3.559771381473387786e-01
-5.839743914878815501e-01
8.096917635728532181e-01
-1.000000000000000000e+00
-1.000000000000000000e+00
1.000000000000000000e+00
3.074111042697329488e-01
-6.586789604621209326e-01
9.057805659939607290e-01
-1.608900055123305695e-01
4.391403820565930038e-01
-1.000000000000000000e+00
8.240256153655315385e-01
-1.000000000000000000e+00
1.000000000000000000e+00
3.663960841554054770e-01
-5.096956480451295679e-01
3.877564879157543998e-01
-5.552461420869381215e-01
3.403824394905625716e-01
1.837606472722231876e-01
4.727213154359499736e-02
2.540003454739857558e-01
1.805637997957162399e-01
-2.028368247705488736e-01
-2.644968764785819992e-01
1.000000000000000000e+00
3.064001958182826502e-01
-1.000000000000000000e+00
2.732873983485996083e-01
1.000000000000000000e+00
8.204987412782758227e-01
-1.000000000000000000e+00
-1.509568352146436476e-01
-8.500586838720003424e-02
1.000000000000000000e+00
3.522153064532058675e-01
1.000000000000000000e+00
-5.175335735227750700e-01
3.525906076651159626e-01
1.000000000000000000e+00
8.452267814698811721e-01
-9.455286452184866741e-01
-3.501383046035356772e-01
8.782378210176577937e-02
3.186991963249701798e-01
1.000000000000000000e+00
-1.000000000000000000e+00
1.000000000000000000e+00
-1.000000000000000000e+00
6.801765890978541673e-01
5.358387486981529557e-01
0.000000000000000000e+00
4.039424731050360040e-01
-1.000000000000000000e+00
2.350430641891048666e-01
3.855068290678542176e-01
6.297871634301580590e-01
2.320742430209001839e-01
-1.000000000000000000e+00
-9.632234064670019968e-02
3.675918852188055364e-01
-9.907285368763021349e-01
-6.462135787931457820e-01
5.921934527299657081e-01
1.000000000000000000e+00
-1.000000000000000000e+00
2.293481600251083274e-01
1.000000000000000000e+00
5.965726840506384576e-01
-7.535732616251770155e-01
-8.577328414093310371e-02
-1.000000000000000000e+00
4.813580567461843152e-01
2.003702157669966510e-01
-7.789785915240224901e-01
-3.171208667088422084e-01
-1.000000000000000000e+00
1.000000000000000000e+00
1.000000000000000000e+00
-5.030765263013727839e-01
-7.289675410581388793e-01
-1.132173057179673981e-01
1.000000000000000000e+00
6.536325995449714377e-01
-9.933528722929252375e-02
1.000000000000000000e+00
9.805051306924362775e-01
8.396098368087998587e-01
-5.092354351399263068e-01
-1.000000000000000000e+00
1.000000000000000000e+00
7.566897891322499348e-01
3.112758779968667344e-01
1.000000000000000000e+00
-3.047704619405193216e-01
7.380497613890428799e-01
-7.280891098138053685e-01
-3.139232301391958746e-01
7.894190448875662014e-01
-1.000000000000000000e+00
-4.721437434442088410e-01
-1.000000000000000000e+00
-1.000000000000000000e+00
-5.435742890395852678e-01
0.000000000000000000e+00
-2.720852672053449828e-01
-9.309640452620852047e-01
3.382515013559787009e-01
-1.249830373134616646e-01
-1.000000000000000000e+00
-1.000000000000000000e+00
-7.326892819837774184e-02
1.181821460934460721e-01
9.433790425432665439e-01
-3.800736407618903745e-01
-5.254121186663832654e-01
2.737383938090420799e-02
-1.807344866076679435e-01
-8.419788254910176573e-01
1.595937859938717507e-01
-1.000000000000000000e+00
-1.000000000000000000e+00
8.667563639384234797e-01
1.000000000000000000e+00
2.389845397870197230e-01
-1.000000000000000000e+00
1.000000000000000000e+00
4.465232467624269397e-02
1.000000000000000000e+00
1.000000000000000000e+00
6.941925926345979825e-01
1.000000000000000000e+00
-6.148956476882680988e-01
1.000000000000000000e+00
1.063889471079875193e-01
-1.000000000000000000e+00
-3.120540101748264794e-02
-5.336697421105101036e-01
5.934401671664712996e-02
-2.849712051977051352e-01
-1.645412468306484133e-01
-1.000000000000000000e+00
2.223075775302587598e-01
-5.587101230993480883e-01
-4.859117991286304727e-02
5.447943818784640735e-01
1.000000000000000000e+00
-7.939495478567851761e-01
1.502847351979503809e-01
-1.077149965943940968e-01
9.012459745758143459e-01
1.000000000000000000e+00
-3.672679377116638832e-02
-1.000000000000000000e+00
-9.600005985989246149e-02
-3.976790927883878668e-01
-1.000000000000000000e+00
-1.000000000000000000e+00
-1.000000000000000000e+00
1.000000000000000000e+00
1.000000000000000000e+00
-6.342800243419211004e-01
1.000000000000000000e+00
-4.115824457084880095e-01
-3.091950106746836902e-01
-9.786605900713984951e-02
1.000000000000000000e+00
-1.963872801752198360e-01
-2.512021483314735293e-01
-1.000000000000000000e+00
-6.977636814290293366e-01
2.388816711243126889e-01
-1.000000000000000000e+00
1.377689350131972024e-01
4.267043121835480957e-01
8.824310280940499407e-01
-1.000000000000000000e+00
-1.000000000000000000e+00
5.429145758773838981e-01
1.000000000000000000e+00
-1.596386256763442368e-01
-8.732094048251577423e-01
-1.000000000000000000e+00
1.166789807701367199e-01
4.540663405309124379e-01
-1.000000000000000000e+00
-1.000000000000000000e+00
