-5.596873276617158055e-01
-1.000000000000000000e+00
-7.967157892700635902e-01
-8.802624778704913888e-01
2.337694280307076322e-01
3.985206990881540179e-02
1.000000000000000000e+00
-4.152346723275820994e-01
1.622429369301648938e-01
7.335095290892226227e-01
1.000000000000000000e+00
-7.286808311685863959e-01
-1.000000000000000000e+00
-6.724851585005702237e-01
8.583761355062599074e-01
-5.784965788335860726e-02
-1.000000000000000000e+00
-7.899895300688932753e-01
9.992355050134840155e-01
7.149261957547029533e-01
2.324963405049458032e-01
-1.000000000000000000e+00
5.254824664934225620e-01
1.000000000000000000e+00
8.254212855738366494e-01
1.000000000000000000e+00
9.640323084523301223e-01
8.968283962647689567e-01
1.000000000000000000e+00
-4.649125445444331484e-01
7.869949126702155962e-01
6.695091013699813187e-01
7.790058347683024298e-01
-6.842535930534608957e-01
6.050333567691418279e-01
-1.000000000000000000e+00
-5.023472351544444603e-01
-1.000000000000000000e+00
-1.000000000000000000e+00
1.951314863034080416e-01
-3.403483191914143391e-01
-1.000000000000000000e+00
1.000000000000000000e+00
-1.000000000000000000e+00
-1.000000000000000000e+00
-5.655965930521140717e-01
1.000000000000000000e+00
-1.739097572357734267e-01
-9.575676050461537914e-01
3.920349823978399040e-01
3.243725496152518595e-01
1.000000000000000000e+00
1.000000000000000000e+00
-7.186371821287325101e-01
6.357368828360305812e-01
1.000000000000000000e+00
-1.652007849552611374e-01
8.771435221150910566e-01
-1.000000000000000000e+00
-9.927642585224150107e-01
-9.311267303639517712e-01
-1.000000000000000000e+00
1.000000000000000000e+00
-1.000000000000000000e+00
3.774346664617436176e-01
-1.760200802532381203e-01
3.637433369585052478e-02
-9.935428839810023227e-01
-2.087549244490282674e-01
-1.000000000000000000e+00
-4.301448286004372346e-01
1.000000000000000000e+00
1.000000000000000000e+00
1.000000000000000000e+00
-1.000000000000000000e+00
2.279328594814830633e-01
-4.555285796201750670e-01
1.000000000000000000e+00
1.742836085948087921e-01
1.000000000000000000e+00
1.000000000000000000e+00
8.631202252201176650e-01
-1.000000000000000000e+00
-9.327167112809064964e-01
-1.000000000000000000e+00
-1.000000000000000000e+00
-8.173704853503681589e-01
-1.000000000000000000e+00
1.000000000000000000e+00
2.217148197171741608e-01
4.559162532616906072e-01
-1.000000000000000000e+00
-1.000000000000000000e+00
7.113161018865272744e-01
9.671537173061259818e-01
1.000000000000000000e+00
6.065375923058415886e-01
8.789927576973506351e-01
-1.000000000000000000e+00
7.291582396304679969e-01
1.000000000000000000e+00
-5.104299936390509496e-01
-1.241568396221217618e-01
-4.647912858761795718e-01
8.737257401173401661e-01
-8.097969731863852161e-01
1.000000000000000000e+00
-1.000000000000000000e+00
1.000000000000000000e+00
-9.903396435569787881e-01
9.492499982988560348e-01
-9.537832774118866208e-01
1.000000000000000000e+00
1.000000000000000000e+00
-7.170123383700985897e-01
-5.292512640172610805e-01
-1.000000000000000000e+00
-1.000000000000000000e+00
-1.000000000000000000e+00
-9.428443150668447403e-01
-1.000000000000000000e+00
3.885451175110532507e-02
-1.592454235061079859e-01
1.000000000000000000e+00
9.295577701097781365e-01
-4.994252240836721812e-02
-3.847755000000157022e-01
-8.314427112656332941e-01
-1.000000000000000000e+00
-8.599751564675656157e-02
1.000000000000000000e+00
5.099437758097851159e-01
8.267682131425746483e-02
-9.553766736052471398e-01
2.018475604295035253e-01
-8.090581681599225972e-01
6.045929371436800093e-01
7.791311817029160647e-01
9.011833194634677469e-02
-1.000000000000000000e+00
-7.281614147651191971e-01
-3.998370063350597525e-01
7.377435282274356076e-01
1.000000000000000000e+00
-2.330111101003711216e-01
1.000000000000000000e+00
9.398740316151582563e-02
4.640331724051607321e-01
1.000000000000000000e+00
6.304428589771378100e-01
9.609660446678391921e-01
-1.000000000000000000e+00
1.000000000000000000e+00
9.801090735063239245e-01
3.400176492302553477e-02
2.502333507037612925e-01
-1.000000000000000000e+00
-1.000000000000000000e+00
-1.381211441928999473e-01
-4.947528364538272827e-01
7.283187725093891451e-01
8.344917115261412111e-01
8.227025840673583001e-01
-8.116179456587410135e-01
-1.000000000000000000e+00
6.815220578851620692e-01
-4.982166646380682407e-01
-1.396058772918470359e-01
-6.140231888561578089e-01
-7.392418966636657984e-01
7.970403539681805150e-01
-8.064680927413721001e-01
1.285749191472670694e-01
-2.313232010080236711e-01
8.337866705067682460e-01
-1.000000000000000000e+00
1.532394613282729856e-01
-5.328409440968722155e-01
1.000000000000000000e+00
-1.000000000000000000e+00
-1.000000000000000000e+00
8.397798912218956691e-01
-1.000000000000000000e+00
-2.088551535873912623e-01
7.788933820551791065e-01
9.490481686841838460e-01
-9.943639344958740134e-01
-9.544769188980373187e-01
9.429667004822143150e-01
4.494610443404752909e-01
-8.073579819162233218e-01
-1.015054496020003083e-01
-3.008195773482056357e-01
-1.000000000000000000e+00
-8.766123122984768035e-01
-8.421871969155629856e-01
9.334499437392644872e-01
1.000000000000000000e+00
-1.000000000000000000e+00
1.000000000000000000e+00
4.628635396944791314e-02
6.397715982938223522e-01
-1.000000000000000000e+00
-7.720484428819286427e-01
7.190307060008844786e-01
9.047677883704980939e-01
-3.933103727194538490e-01
-3.413915617755269860e-02
-8.417388974584508743e-01
-1.000000000000000000e+00
-1.000000000000000000e+00
-1.190129810479398087e-01
1.000000000000000000e+00
8.577798807706500384e-01
9.559452682601170537e-01
4.404790479181054375e-01
-1.000000000000000000e+00
-9.736790332570466333e-01
3.504587822736684455e-01
8.395632384493545430e-01
2.853459123088352145e-01
1.000000000000000000e+00
6.682559379368446795e-01
6.326851966597155652e-01
9.246463602940007132e-01
-6.872451026974608634e-01
8.626936523480648322e-01
-6.941656155199869005e-01
-1.000000000000000000e+00
-2.619585234760340997e-01
1.000000000000000000e+00
-1.000000000000000000e+00
1.000000000000000000e+00
8.495099171914759495e-01
7.712348206094392644e-01
-7.524807875146983793e-01
1.476598804329976589e-01
6.524618122217575866e-01
1.000000000000000000e+00
-3.551483020434987314e-01
1.236746303327435625e-01
1.000000000000000000e+00
-9.551676762438309209e-01
1.000000000000000000e+00
8.448701149282198397e-01
-9.392543488780770167e-01
-7.143235212279858137e-02
7.746068191220506494e-03
1.000000000000000000e+00
-1.000000000000000000e+00
1.026203059675183105e-01
-1.000000000000000000e+00
5.410507538158078056e-01
1.218944637756902427e-01
1.000000000000000000e+00
-9.510747510761377033e-01
-9.646900027635353370e-01
1.000000000000000000e+00
1.000000000000000000e+00
3.145228037593832404e-01
-3.537845492760974819e-01
-1.000000000000000000e+00
-9.849554683781712727e-01
8.517897228070332449e-01
-8.187160271754509999e-01
