3.033311379161606619e-02
-7.269443197249253474e-01
8.585364288120789222e-01
7.320451563225653935e-01
-8.900987183358344268e-01
-9.628740365941619306e-01
7.171755385240796699e-01
5.706777767800304269e-02
8.186018706573423565e-01
-7.962777114025108016e-01
2.340951110320084183e-01
-2.881838253749676726e-01
1.000000000000000000e+00
9.583512140652460376e-01
5.307813585071986112e-02
-3.371086860068636115e-01
6.586021574981753002e-01
-3.199100719523453318e-01
-8.507593533535633135e-03
-9.692664656328882078e-01
7.514895825577381228e-01
2.855928380319579518e-01
1.000000000000000000e+00
8.453300152811552559e-01
-9.403563466223210376e-01
-9.650279240057434149e-02
6.737078770139531825e-02
-7.532642545948688984e-01
8.195553386091346537e-01
-1.508327730325361715e-01
-8.853185562032284128e-01
-9.715742069294478478e-01
5.580288405442653810e-01
-6.714553126475750755e-01
-6.489869284394129689e-01
-9.801168727952617177e-01
4.162591876703746196e-01
-3.769031248518044941e-01
-5.395855030713085920e-01
-5.424416618637266652e-01
7.741029491452500189e-01
-7.224811313411554359e-01
9.515971240743157367e-01
-4.208827108422043550e-01
7.740098315588599398e-01
-7.348509517293776439e-01
9.310150986621048563e-01
-9.462561189383023041e-01
-2.338832694646056365e-01
-8.902523271250368797e-01
-6.892767434881581501e-01
-3.092363135203469726e-01
-7.791484900390475143e-01
-9.512056875065424411e-01
2.295649835919051085e-01
1.000000000000000000e+00
1.000000000000000000e+00
-9.240097887793616849e-01
-4.505093743903099135e-01
9.706239194698256245e-01
-2.988680169666515507e-01
-5.860144811847785018e-01
-7.366984659022626225e-01
-9.461905847351168575e-01
-1.182287005676791458e-01
9.988577872837605121e-01
-7.462345131299398249e-01
-9.048815664826145300e-01
6.908130712743378865e-01
-9.303020072144270181e-01
9.812319076699100862e-01
2.283599664548049135e-01
-1.000000000000000000e+00
9.612247296368024996e-01
-6.696752905698932778e-01
1.000000000000000000e+00
9.024979606123058051e-01
-2.780336585760939117e-01
6.536294692877858692e-01
8.725275015408358037e-01
7.811961961572477797e-01
6.003064456457434250e-01
-1.795771621186398603e-01
-1.443254484116392455e-01
-6.036872559864829846e-01
9.583968419377568715e-01
9.963104318403990245e-01
5.901119043945850517e-01
8.852569832912250414e-01
-1.000000000000000000e+00
9.961016109587046419e-01
9.839145638829435159e-01
-8.635234311572146382e-01
9.076252740268502262e-01
6.604658236664074922e-01
6.242170206718310466e-01
-3.644899496324111587e-01
-9.141231327470191736e-01
3.035963908108588738e-01
-9.937542130079768388e-01
3.912286306657251633e-01
9.919960383275043814e-01
-5.931130018612743582e-01
1.765871882955202116e-02
-8.041407135887842506e-01
-2.768838134086524239e-01
-5.949771889490730603e-02
9.459516370118346007e-01
-8.970161686435396131e-01
8.450909502023783437e-01
2.316495875190673071e-01
-9.044256513130759512e-01
-5.383733550363541953e-01
8.448064452122344692e-03
6.986204371664790358e-01
-9.726779348048636420e-01
-7.528179595125790158e-01
4.390071686244593763e-01
-6.301170057301584970e-01
8.087427813902188234e-01
3.510851298246892016e-01
-1.000000000000000000e+00
-9.570654169182872817e-01
-5.262353308644613925e-01
9.935726834187598167e-01
-9.499807779564317656e-01
-9.009049288623278695e-01
-1.471130589128417376e-01
6.302561486119477863e-01
-9.690483215404448458e-01
1.896688648706140179e-01
-9.776327517714871185e-01
-7.819537342686491144e-01
1.000000000000000000e+00
4.066717467880299752e-01
9.203610370035506527e-01
-6.994013588242553592e-01
-1.000000000000000000e+00
4.085093104751933435e-01
-7.175593835650013741e-01
-6.827155994180371668e-01
6.458169975469632007e-01
-6.613659382911090123e-01
-6.971637774907686325e-01
-9.602875211752657236e-01
-9.909794184473428302e-01
-2.358514532469296321e-01
7.897437758602761093e-01
7.996652600228992824e-01
-4.069546450765365586e-01
3.429943102468537841e-01
9.959224959158433643e-01
4.361869970056407309e-01
-3.546684062022797956e-01
9.303503423198791200e-01
-9.575640676936776341e-01
3.580290914358022492e-01
-3.561633301231906246e-01
-9.544842422126165182e-01
-5.639270927300036318e-01
-8.501404056267187759e-01
-4.563649923483801274e-01
-8.709107499183089685e-01
9.097056936682155204e-01
9.085301897467921162e-01
-8.357485961232909988e-01
-1.000000000000000000e+00
-1.000000000000000000e+00
-9.536717548154111102e-01
2.875864119893075666e-01
-9.768586269226682273e-01
8.532843292287299874e-01
4.337195873283993253e-01
-2.068444157335751488e-01
-9.517710959132352766e-01
9.937842073195047865e-01
-9.798339530265156583e-01
4.196797972140838828e-01
1.720822683986185930e-01
9.368082316486920913e-01
5.601012527041935307e-01
-2.721806461845807101e-01
-9.286380718146788338e-01
8.632819114545478012e-01
-2.437653019592611325e-01
2.477004552325726972e-01
-4.159157339946729648e-01
-9.166170370924432709e-02
-2.385667228862473066e-02
9.744810898234121943e-01
-9.576798487836433171e-01
-1.660063164035049388e-01
-5.720910001840194825e-01
9.057645006909172958e-01
-8.719210590558799101e-01
9.151803521801098462e-01
-6.144668566091339157e-01
5.114950850948781769e-01
-5.162828294379118166e-01
-6.644251525640750833e-01
7.910025069428628930e-01
6.123275825843836895e-01
8.341760823609817299e-01
-1.000000000000000000e+00
9.352750272195062831e-01
-5.858611952333860895e-01
9.241967019565784369e-01
-9.974024053200341022e-01
3.906721653392066229e-01
7.526703090148074704e-01
6.285840599807589468e-01
-9.303668491105276939e-01
6.897589410949676036e-01
2.782034621832425447e-01
5.946703104164617892e-01
-8.938155876685616175e-01
-1.519748772701923212e-01
5.357545502358450618e-01
2.950404009091531776e-01
-9.841291336983679638e-01
9.809832506771409832e-01
-2.800126452798075150e-01
8.877288642457670242e-01
2.298849761873971165e-01
-6.498276769678028586e-01
9.550211953299418965e-01
7.668658856342647212e-01
-5.944276390699456680e-01
-9.081858185551464624e-01
-5.826849086644716458e-01
-6.531135498782806303e-01
3.477814202444683422e-01
1.000000000000000000e+00
8.484695781264617320e-01
9.071089689065834349e-01
3.230466889970444733e-01
1.000000000000000000e+00
-6.688112211175292199e-01
8.039693930480127371e-01
2.387926008462140648e-01
-1.000000000000000000e+00
3.837909273764119611e-01
9.593419810011416526e-01
-3.510762128099080837e-01
-9.685498751229068004e-01
6.608214785235756450e-01
-2.108979470862076544e-01
-8.558130261523131388e-01
-6.088152492740017685e-01
-9.571653124269243751e-01
-4.260461218891504753e-01
-1.105588356769493519e-01
9.725362123500712608e-01
1.815642284867272360e-01
7.868728839890599680e-01
1.313767738388911532e-02
1.000000000000000000e+00
-1.338507252358956401e-01
2.578332661452381047e-01
-1.543889487757495460e-01
-9.966749757838719859e-01
-7.743816369735209149e-01
8.509884373318299389e-01
6.144118223110942578e-01
-3.384097621648073928e-01
