-1.897163281788818989e-01
-7.775088808038099764e-01
7.657598142396949970e-02
7.324823817057717346e-01
2.852496773430892585e-01
-7.080609264558208604e-01
2.315231424119192916e-01
-1.000000000000000000e+00
-5.938197650128759220e-01
8.859800324447900666e-01
-1.782092989290248730e-01
1.000000000000000000e+00
3.210160429459721909e-01
1.000000000000000000e+00
-1.793031447654299670e-01
-9.187563823762345816e-01
-6.115672706949231152e-01
-6.294625684800339016e-01
-4.698695152879921455e-01
-2.744448230671223121e-01
3.049565856809591247e-01
-9.960345726303788672e-01
9.991262634583623070e-01
-7.314177464394424621e-01
-1.000000000000000000e+00
1.000000000000000000e+00
6.615711258372038994e-01
-7.859577806835591485e-01
9.710455742418915293e-01
8.868526331920925099e-01
9.369216072232144921e-01
2.196793115913093508e-01
-8.239377892621969623e-01
5.725303895039231261e-02
-9.822623052908641128e-01
-1.403759601717339267e-01
1.298961710444526407e-01
9.028153891868018199e-01
-4.152637636120254938e-01
1.000000000000000000e+00
-9.900033361067270277e-02
5.466598608996897646e-01
-8.932367802433056614e-01
1.563549938058402256e-01
3.748402466143021528e-01
-1.128591081950256203e-01
4.219618344010087063e-01
5.095597879586419854e-01
-3.682515063948460510e-02
-4.144623702376074026e-02
-3.117411681666312218e-01
5.036138425973095689e-01
1.000000000000000000e+00
-2.713960960776752862e-01
-9.932165504741577999e-01
-1.082180752028179260e-01
-1.000000000000000000e+00
1.455167320339181281e-01
9.892575801223301157e-01
-1.926305357819279307e-01
6.110901076914496688e-01
-3.539146364593669380e-01
-9.214909129474992966e-01
4.335476785105374375e-02
9.398738477504864353e-01
9.417785182100857355e-01
3.113103349865921077e-01
4.048826504676180660e-01
-1.000000000000000000e+00
-9.668348154754280444e-01
9.918158687458347167e-01
-3.431655787218930165e-01
-2.557332355056467499e-01
2.684150135270765292e-01
-5.669966429091784915e-03
9.900663755568299695e-01
7.589396174573544984e-01
-9.212919177837206597e-01
-1.000000000000000000e+00
9.088879761313188865e-01
-5.063960396685227572e-01
9.966935232775580022e-01
2.151734502300787222e-01
4.680370849677847334e-01
-1.954127215189046529e-01
4.592644460266208650e-01
-7.121324300225102544e-01
-5.751452546098216878e-01
-9.316244515965096396e-01
-8.984209543618946192e-01
-1.491074159657437559e-01
9.888942760066440352e-01
9.995349859373467982e-01
-8.234377457972001935e-01
-1.000000000000000000e+00
8.754757653450373489e-01
-2.222923374179439915e-01
-4.509379823585903946e-01
1.300223706028460213e-01
5.084832877775832261e-01
-6.742886847106936976e-01
1.000000000000000000e+00
6.851195609694572530e-01
-7.807354459976536543e-01
1.462183369383238396e-01
-7.462370852349471395e-01
-8.184386009377677684e-01
-5.261209180318169309e-01
1.000000000000000000e+00
-7.517662949161901809e-01
-1.000000000000000000e+00
4.845028864216966991e-01
9.397678260490298641e-01
5.720195891057531234e-01
-7.763265998477466567e-01
-8.190234977782370196e-01
2.000395028262464681e-01
-9.522211479931741440e-01
8.705382524799777366e-01
-2.340464438277609083e-02
-8.736210231079677424e-01
-6.336383521882584802e-01
2.674903454117663060e-01
-9.439166512141607956e-01
-7.735245730952575727e-01
-1.173223068062961560e-01
9.263712406071930028e-01
-8.077682854415133562e-01
-5.848822586919398825e-01
3.356795003445417480e-01
-3.568449918357619044e-01
6.348085742101934326e-01
5.066722099175717808e-01
8.181355315409636342e-01
6.239313354750025686e-01
-6.432156164568251233e-01
2.880430067644237369e-01
-9.601321136376179677e-01
4.916145943344184532e-01
5.789487528914403214e-01
2.432608171343852432e-01
-6.632140700311195403e-01
1.053232446902654940e-01
-9.401480542917168837e-01
-5.177777770060604245e-01
-1.419913975349884894e-01
-6.105802304256697788e-01
9.683726677588213594e-01
6.883110852800604640e-01
-2.386092567248472296e-01
7.192957383793150417e-01
-9.189747858786526669e-01
-7.747937950245629146e-01
-2.961665940739917346e-02
-3.994560880843553985e-01
-5.908191918988410229e-01
-8.727280471447782517e-01
3.173422005791244338e-01
-7.490829576216648800e-01
-1.367105621092047363e-01
-7.415459187968431731e-01
9.151080874755601613e-01
7.526817274564582272e-01
-7.724178546718387661e-01
9.983954935942196407e-01
8.863468608301827700e-01
-1.000000000000000000e+00
8.607273590480513104e-01
7.941594621508833995e-01
-9.233803903683390768e-01
3.576597158700872692e-02
2.593113794844423281e-01
3.564812392870402302e-01
1.524260618906919662e-01
7.524827566413216928e-01
-7.966434018152743768e-01
9.598231278942055689e-02
2.589873061148170730e-02
6.175637178354236312e-01
6.104342401814637498e-01
6.148886086408567042e-01
-4.446590666573834727e-01
-3.688010425401608283e-01
-7.790517392560286636e-02
-7.671001758602126186e-01
2.098825465953968461e-03
5.907050138614252655e-01
9.950877246202096682e-01
-9.266596835907687790e-01
5.406272978246204897e-01
7.482363730347965092e-01
-8.246503623973434616e-01
-4.710120724057242358e-01
2.926858345511021420e-02
-3.598071574266094030e-01
2.528744827113188487e-02
1.000000000000000000e+00
-5.955895731549802896e-01
-9.650830936006862815e-02
-1.810768045184655561e-01
-6.919806025490440327e-01
-9.952055969464210783e-01
-8.517835802734811113e-01
-2.368863040285744126e-01
9.044819442403051468e-01
9.999482761956365318e-01
-4.693695054663691302e-01
-1.070459085207612765e-01
-2.134878041036130658e-01
-1.973063971888310286e-01
7.540454012186642574e-01
8.445023599514478452e-01
-7.476006812220457043e-01
7.861513150284582530e-01
6.994717083961221604e-01
9.740866643264960434e-01
-1.000000000000000000e+00
-2.055135551642396641e-01
-4.040078503695295753e-01
6.662455000249584147e-01
-1.000000000000000000e+00
-2.504097968442393629e-01
-9.460544953763245779e-01
-3.761137849204648775e-01
-6.253197230249262217e-01
-7.724045065172511215e-01
-8.135302269911899586e-02
3.704598769648337342e-01
8.679350093072091266e-01
-9.825000589434549347e-01
1.000000000000000000e+00
9.953534104332989463e-01
2.043037958573731272e-01
-5.686651757204201629e-02
-9.861810322089545333e-02
7.107088585020560068e-01
-9.656968843674835767e-01
9.912876409282180834e-01
-6.177380237563705467e-01
3.089207986744262335e-01
-2.896442464032273900e-01
8.363882551733576864e-01
8.525472240164554405e-01
-1.023310302057890420e-01
8.015789955236414244e-01
1.887483085756626877e-01
-1.117435505426180864e-01
5.425567542801675858e-01
8.079591827110069180e-02
-9.643879640619927862e-01
1.006420475651258334e-01
-9.564408675715899699e-01
-1.694260705366084641e-01
4.142102693319871243e-01
-1.000000000000000000e+00
-7.019214056115891109e-01
-6.067436982590664885e-01
5.721537260326301499e-01
3.456986205601330076e-01
5.245170544973581928e-01
-4.984219630420796410e-01
4.323791481017894567e-01
3.322105487601710871e-01
5.115683573456590583e-03
7.734393638883547695e-01
