9.714495129789803007e-01
-4.865714147320032157e-01
-9.911446063684206109e-01
5.519000501485622490e-01
8.784903616558255024e-01
8.814485878994262613e-01
-9.966882774321401683e-01
1.000000000000000000e+00
-9.273221132706193082e-01
4.743732640310805437e-01
-1.427465622955738089e-01
-1.000000000000000000e+00
-3.168896854507352590e-02
3.007983485111069277e-01
7.428717576711226789e-01
-1.000000000000000000e+00
-9.690570965381981594e-01
-9.452641006273810875e-01
-8.394102640834624207e-01
-6.911694101493230935e-01
-8.977953279360390004e-02
5.726686731153927123e-01
-1.349493752857439666e-01
2.293227762941486558e-01
7.222325475922485305e-01
8.274570355818628986e-01
4.472536759207504375e-01
9.302201328661585666e-01
-5.724640783094114838e-01
3.906818480087631551e-01
8.364431564285697007e-01
8.447283272616384897e-01
-2.939816019604531427e-01
1.000000000000000000e+00
-3.305200954786494671e-01
1.000000000000000000e+00
9.137558764281342727e-01
-3.515152295259005299e-01
-5.549438323584555688e-01
-5.582583799421985127e-01
-4.979918487686811890e-01
5.409265470587725222e-01
1.593292569637363987e-02
7.393926448874235113e-01
1.000000000000000000e+00
-8.143658729346985314e-01
2.687284299851613323e-01
1.808757115982005947e-01
-6.225136069524429550e-01
4.369745068507988606e-01
-2.015973554084080632e-01
-1.905364641969470862e-01
4.987959012523632274e-01
-8.591889404084729343e-01
3.430749927328358151e-01
6.890300514443497004e-01
7.983202839762030267e-01
-8.820505120849011504e-01
6.020503358710271868e-01
-2.954285862401069829e-01
-7.883150589849874379e-01
-1.000000000000000000e+00
-4.122580402633714280e-01
-1.000000000000000000e+00
-2.299172608443311727e-03
-2.691878640780154819e-01
-7.444362081526345598e-01
-7.318195827152800259e-01
5.160954684368349588e-01
-8.882325060283075002e-01
-8.364850117863655843e-01
-3.650583497408308453e-01
-9.496016416091263013e-01
6.170315828504147060e-01
-5.901476212011581568e-01
-5.779680726639842003e-01
1.000000000000000000e+00
6.130961196081685660e-02
1.000000000000000000e+00
-6.623096603897543622e-01
1.000000000000000000e+00
9.685059700627035584e-02
1.597974996193031738e-01
3.068410703822291863e-01
-4.601135052214979648e-01
-3.225025122456780524e-01
1.000000000000000000e+00
4.942099162314880223e-01
-9.391681919882277629e-02
-9.408134017575937591e-01
-6.358852893680850826e-01
-4.945829059713854892e-01
8.764497847831302924e-01
9.614073104341367415e-01
1.000000000000000000e+00
4.082035684550190391e-01
7.747417352998340334e-01
-1.822160199544964887e-01
1.397308038725151302e-01
-2.165041253661552645e-01
4.800403839852618315e-01
-4.482216444035984626e-01
-1.000000000000000000e+00
-1.000000000000000000e+00
6.357363239872558802e-01
1.000000000000000000e+00
2.339997765927112616e-01
5.538475005666194662e-01
1.000000000000000000e+00
-1.236889386793322831e-01
-9.375949783491526190e-01
4.813827294370509602e-02
-1.000000000000000000e+00
-1.000000000000000000e+00
-1.570866669312853681e-02
7.204977760519389873e-01
-1.000000000000000000e+00
-9.309188233030614157e-01
3.771375862006797197e-01
9.125158785705300701e-02
1.000000000000000000e+00
1.710075168005218971e-01
-1.000000000000000000e+00
1.000000000000000000e+00
-8.919867278625254192e-02
2.004381616856460158e-01
-1.752214929549267275e-01
-1.000000000000000000e+00
5.979229785344615244e-01
1.000000000000000000e+00
8.876183011008724755e-01
-5.237644408089210391e-01
8.239105505597342782e-01
-4.048749986059448913e-01
-7.586112768313242327e-01
-2.265896898160177364e-01
-5.384250763532566486e-01
-5.394212997233347462e-01
-1.000000000000000000e+00
5.794450559937394107e-01
-2.271601748479694649e-01
5.999034338841466862e-01
3.106210490347259823e-01
6.159209687644935372e-01
3.728762585534218799e-01
-8.123171655308250028e-01
2.598407372484914379e-01
-3.901558367322206511e-01
6.419185573340979722e-03
4.105604603334530034e-01
-2.780112098095104400e-01
-1.446060616374780783e-01
-4.534235645697717310e-01
8.085716452219070538e-01
-9.844293454661534604e-01
1.207728446668219213e-01
1.000000000000000000e+00
-1.831905255282857414e-01
-7.314151596887770168e-01
-1.175653139021526350e-02
-1.000000000000000000e+00
2.116801349973244095e-01
3.355061166221750546e-01
-6.619449342432242034e-01
6.579061011877400666e-01
-7.303787253107882904e-01
-7.228388644540645336e-02
-8.192051496268858424e-01
8.218892686081172849e-01
-7.566695857529563973e-01
-1.000000000000000000e+00
-1.000000000000000000e+00
3.227876354526149072e-01
-7.122291721947362486e-01
-8.011689870047199458e-01
1.000000000000000000e+00
-1.575516912214713905e-01
7.173357165488615239e-01
5.164715543765918682e-01
-9.756798133597721634e-01
2.154919242633529519e-02
-1.577550659479807771e-01
8.453279153535118162e-01
2.541476125594616109e-01
-1.885618055258486692e-02
7.896788212158201148e-02
3.539594253764131726e-01
-5.782346680698107200e-01
5.732564062333368460e-01
9.613889463345955955e-01
-8.787864876236219924e-01
-1.000000000000000000e+00
5.575299470746555297e-01
-4.130652360611820617e-01
-9.863889770678690994e-01
1.000000000000000000e+00
1.672579451369697878e-01
2.433294548860162054e-01
-1.046971801610262487e-01
-6.904535420895734354e-01
6.135458198071376268e-01
9.717255154665753736e-01
1.000000000000000000e+00
-4.537729904670331771e-01
-1.000000000000000000e+00
6.524129629385986284e-01
5.354370920264883704e-01
4.632803015696290716e-01
6.256872343824224636e-01
9.491065049901330486e-01
-8.442017448765267718e-01
-1.000000000000000000e+00
-4.112265449875043277e-01
1.000000000000000000e+00
-1.000000000000000000e+00
-1.747025804160665663e-01
-8.752838457285475604e-01
-5.857048980552355122e-01
8.704548604627782016e-02
-5.495605781557451053e-01
-7.205807431678824537e-01
-6.662900208372932731e-01
1.000000000000000000e+00
8.871854644164653969e-01
1.100352523101211094e-01
-1.720042764458730167e-01
1.000000000000000000e+00
2.442529129124857423e-01
1.466385240374846743e-01
-7.965760778342139137e-01
6.538022655262542004e-01
4.883979749796157899e-01
-4.022965599260538427e-01
3.233244730533181843e-01
9.270225151757885973e-01
9.985845913682626085e-01
8.587136373652621835e-01
-3.953561759585488833e-01
-3.721899953778319836e-01
8.193628704679351005e-02
-3.389149113943392688e-01
8.809494441584706514e-01
9.685908582486183471e-01
-1.000000000000000000e+00
6.629730293119950879e-02
-5.640190457497955556e-01
4.091923034585329688e-01
5.103773395986661576e-01
1.000000000000000000e+00
-7.178376288446441933e-01
9.618142253040892764e-02
3.689940760272445441e-01
-3.775103952019928655e-01
-7.185625070575460960e-01
5.006823252743932695e-01
3.629920068058939409e-02
1.000000000000000000e+00
-6.252590898551668719e-01
4.329316728055898622e-02
5.268652659088967072e-01
9.209483860688999490e-01
4.199743936708077996e-02
-1.784550993986587786e-01
7.060710927640774237e-01
1.000000000000000000e+00
