generation,best_fitness,mean_fitness,std_fitness
0,89.542332,8.372428,28.584494
1,90.172628,21.332038,35.206907
2,90.173025,33.633161,38.351263
3,90.173025,45.146541,36.18787
4,92.391655,53.480844,35.723382
5,92.391655,72.151168,28.308163
6,92.391655,78.225404,22.873758
7,92.391655,80.317073,19.879041
8,92.391655,84.20263,14.01351
9,92.391655,85.051,13.046332
10,92.391655,86.844388,8.454651
11,92.391655,87.899601,1.245619
12,92.391655,88.026153,1.335063
13,92.391655,88.188155,1.358056
14,92.391655,88.237369,1.371823
15,92.552828,88.279142,1.397406
16,92.552828,88.367173,1.407761
17,92.552828,88.411487,1.418743
18,92.552828,88.481895,1.439227
19,92.552828,88.550665,1.446738
20,92.552828,88.637649,1.458668
21,92.552828,88.71879,1.460485
22,92.552828,88.849732,1.466398
23,92.552828,89.004994,1.451405
24,92.552828,89.058809,1.435085
25,92.552828,89.109241,1.411244
26,92.552828,89.117612,1.401986
27,92.552828,89.244814,1.366829
28,92.552828,89.292883,1.334517
29,92.552828,89.474055,1.252448
30,92.552828,89.482382,1.257356
31,92.552828,89.496865,1.247426
32,92.552828,89.557156,1.252956
33,93.436695,89.592163,1.300704
34,93.436695,89.651452,1.235985
35,93.436695,89.664342,1.237947
36,93.436695,89.720826,1.264031
37,93.436695,89.769632,1.250345
38,93.436695,89.782784,1.229744
39,93.436695,89.784691,1.22844
40,93.436695,89.837997,1.213331
41,93.436695,89.86107,1.184257
42,93.436695,89.923731,1.120397
43,93.436695,89.949013,1.086626
44,93.436695,89.999891,1.055996
45,93.436695,90.003532,1.057055
46,93.436695,90.00814,1.057232
47,93.436695,90.037964,1.039944
48,93.436695,90.037964,1.039944
49,93.436695,90.056499,1.037543
50,93.436695,90.07885,0.997772
51,93.436695,90.093196,0.997258
52,93.436695,90.093939,0.996902
53,93.436695,90.111931,0.997438
54,93.436695,90.157566,1.04278
55,93.436695,90.190451,1.015112
56,93.436695,90.216893,1.017848
57,93.436695,90.217141,1.018098
58,93.436695,90.217141,1.018098
59,93.436695,90.247661,1.025631
60,93.436695,90.26137,1.028058
61,93.436695,90.283782,1.013489
62,93.436695,90.310765,0.972943
63,93.436695,90.325667,0.966101
64,93.436695,90.325747,0.966023
65,93.436695,90.343336,0.970628
66,93.436695,90.350597,0.974808
67,93.436695,90.367697,0.96989
68,93.436695,90.387073,0.961408
69,93.436695,90.403047,0.951254
70,93.436695,90.45641,0.961312
71,93.436695,90.45641,0.961312
72,93.436695,90.459529,0.961526
73,93.436695,90.469965,0.956558
74,93.436695,90.480826,0.961354
75,93.436695,90.529369,0.919751
76,93.436695,90.576263,0.94582
77,93.436695,90.589973,0.940137
78,93.436695,90.606725,0.954912
79,93.436695,90.626932,0.936535
80,93.436695,90.706569,0.958602
81,93.436695,90.71832,0.960854
82,93.436695,90.723252,0.957009
83,93.436695,90.739509,0.955132
84,93.436695,90.75121,0.964412
85,93.436695,90.771595,0.96943
86,93.436695,90.829664,0.982484
87,93.436695,90.848062,0.981494
88,93.436695,90.848062,0.981494
89,93.436695,90.92983,1.023634
90,93.436695,90.944875,1.003542
91,93.436695,91.008951,0.945695
92,93.436695,91.008951,0.945695
93,93.436695,91.064818,0.956942
94,93.436695,91.066885,0.956533
95,93.436695,91.082204,0.943377
96,93.436695,91.094883,0.929046
97,93.436695,91.112992,0.923068
98,93.436695,91.137192,0.928272
99,93.436695,91.141949,0.926062
100,93.436695,91.163713,0.94033
101,93.436695,91.179986,0.924047
102,93.436695,91.190516,0.914803
103,93.436695,91.195381,0.91429
104,93.436695,91.201511,0.908784
105,93.436695,91.239124,0.913453
106,93.436695,91.261484,0.916668
107,93.436695,91.299862,0.899036
108,93.436695,91.336375,0.877404
109,93.436695,91.395409,0.873413
110,93.436695,91.426759,0.876551
111,93.616695,91.485347,0.873935
112,93.616695,91.507621,0.86837
113,93.616695,91.528797,0.840321
114,93.616695,91.543402,0.860431
115,93.616695,91.543402,0.860431
116,93.616695,91.629906,0.885907
117,93.616695,91.659249,0.890275
118,93.616695,91.693114,0.89144
119,93.616695,91.693895,0.890632
120,93.616695,91.728194,0.891182
121,93.616695,91.782658,0.893239
122,93.616695,91.818035,0.884417
123,93.616695,91.830703,0.893578
124,93.616695,91.835998,0.895837
125,93.616695,91.886281,0.900711
126,93.616695,91.898079,0.902371
127,93.736695,91.94537,0.908581
128,93.736695,91.94906,0.904793
129,93.736695,91.979023,0.900902
130,93.736695,91.997114,0.894384
131,93.736695,92.029793,0.890931
132,93.736695,92.030393,0.891425
133,93.736695,92.041856,0.894198
134,93.736695,92.06273,0.893094
135,93.736695,92.109529,0.85938
136,93.736695,92.151007,0.845473
137,93.736695,92.155207,0.848497
138,93.736695,92.158467,0.848203
139,93.736695,92.168128,0.832882
140,93.736695,92.184475,0.818833
141,93.736695,92.198552,0.798659
142,93.736695,92.256752,0.752444
143,93.736695,92.256752,0.752444
144,93.736695,92.288746,0.752995
145,93.736695,92.300383,0.749222
146,93.736695,92.331303,0.739405
147,93.736695,92.331492,0.739388
148,93.736695,92.342383,0.736915
149,93.736695,92.355811,0.729449
150,93.736695,92.382293,0.708925
151,93.736695,92.389905,0.711373
152,93.736695,92.421049,0.687811
153,93.736695,92.439796,0.68621
154,93.736695,92.458436,0.676479
155,93.736695,92.458436,0.676479
156,93.736695,92.471264,0.673366
157,93.736695,92.486553,0.671014
158,93.736695,92.486553,0.671014
159,93.736695,92.513452,0.655637
160,93.736695,92.557342,0.649969
161,93.736695,92.567256,0.645248
162,93.736695,92.579667,0.645626
163,93.736695,92.607782,0.61615
164,93.736695,92.609582,0.616775
165,93.736695,92.631798,0.596268
166,93.736695,92.652636,0.57614
167,93.736695,92.664298,0.571396
168,93.736695,92.715403,0.543185
169,93.736695,92.735015,0.538814
170,93.736695,92.743415,0.535362
171,93.736695,92.763438,0.535688
172,93.736695,92.78605,0.518881
173,93.736695,92.809632,0.500569
174,93.736695,92.809632,0.500569
175,93.736695,92.822752,0.488575
176,93.736695,92.836963,0.480105
177,93.736695,92.847163,0.47327
178,93.736695,92.863625,0.446893
179,93.736695,92.869024,0.444103
180,93.736695,92.880236,0.443037
181,93.736695,92.895236,0.422059
182,93.736695,92.913891,0.377719
183,93.736695,92.919291,0.377236
184,93.736695,92.92535,0.372065
185,93.736695,92.931788,0.373979
186,93.736695,92.935388,0.375317
187,93.736695,92.955988,0.334457
188,93.736695,92.957788,0.334058
189,93.736695,92.967988,0.3342
190,93.736695,92.9744,0.331524
191,93.736695,92.989212,0.326844
192,93.736695,92.989212,0.326844
193,93.736695,92.997173,0.318672
194,93.736695,93.008018,0.314522
195,93.736695,93.009773,0.315285
196,93.736695,93.020573,0.309208
197,93.736695,93.028829,0.299977
198,93.736695,93.029635,0.298904
199,93.736695,93.029635,0.298904
200,93.736695,93.036047,0.294485
201,93.736695,93.037247,0.29447
202,93.736695,93.055059,0.262766
203,93.736695,93.058059,0.261803
204,93.736695,93.058059,0.261803
205,93.736695,93.068447,0.254209
206,93.736695,93.082498,0.223196
207,93.736695,93.084898,0.2207
208,93.736695,93.084898,0.2207
209,93.736695,93.084898,0.2207
210,93.736695,93.084898,0.2207
211,93.736695,93.095698,0.215377
212,93.736695,93.098698,0.210497
213,93.736695,93.11329,0.179044
214,93.736695,93.11389,0.179075
215,93.736695,93.11629,0.178776
216,93.736695,93.12229,0.177886
217,93.736695,93.12889,0.172855
218,93.736695,93.133045,0.173323
219,93.736695,93.133045,0.173323
220,93.736695,93.137245,0.165799
221,93.736695,93.140845,0.165664
222,93.736695,93.14698,0.166709
223,93.736695,93.14818,0.166314
224,93.736695,93.150116,0.16786
225,93.736695,93.153716,0.166588
226,93.736695,93.157316,0.16653
227,93.736695,93.159116,0.166796
228,93.736695,93.169566,0.164474
229,93.736695,93.169566,0.164474
230,93.736695,93.174205,0.170372
231,93.736695,93.180805,0.169307
232,93.736695,93.187912,0.167915
233,93.736695,93.187912,0.167915
234,93.736695,93.189112,0.167229
235,93.736695,93.192712,0.164416
236,93.736695,93.192712,0.164416
237,93.736695,93.195112,0.166432
238,93.736695,93.202312,0.163116
239,93.736695,93.204112,0.161336
240,93.736695,93.204112,0.161336
241,93.736695,93.204273,0.161277
242,93.736695,93.207918,0.159375
243,93.736695,93.210318,0.158979
244,93.736695,93.212118,0.15729
245,93.736695,93.212118,0.15729
246,93.736695,93.212118,0.15729
247,93.736695,93.216318,0.154597
248,93.736695,93.216318,0.154597
249,93.736695,93.216318,0.154597
250,93.736695,93.218718,0.154524
251,93.736695,93.218718,0.154524
252,93.736695,93.219918,0.151652
253,93.736695,93.221118,0.150638
254,93.736695,93.222918,0.150886
255,93.736695,93.227718,0.150966
256,93.736695,93.227718,0.150966
257,93.736695,93.227718,0.150966
258,93.736695,93.227718,0.150966
259,93.736695,93.227718,0.150966
260,93.736695,93.230118,0.148787
261,93.736695,93.235357,0.153258
262,93.736695,93.237757,0.153121
263,93.736695,93.238357,0.152669
264,93.736695,93.240157,0.15129
265,93.736695,93.242557,0.149879
266,93.736695,93.243157,0.149157
267,93.736695,93.245557,0.146207
268,93.736695,93.245557,0.146207
269,93.736695,93.252157,0.142944
270,93.736695,93.254557,0.143521
271,93.736695,93.255157,0.14322
272,93.736695,93.255157,0.14322
273,93.736695,93.255157,0.14322
274,93.736695,93.255157,0.14322
275,93.736695,93.256357,0.141848
276,93.736695,93.259357,0.14153
277,93.736695,93.259357,0.14153
278,93.736695,93.260557,0.142652
279,93.736695,93.262357,0.141656
280,93.736695,93.262357,0.141656
281,93.736695,93.263557,0.140208
282,93.736695,93.264157,0.140631
283,93.736695,93.264157,0.140631
284,93.736695,93.265357,0.140187
285,93.736695,93.265357,0.140187
286,93.736695,93.265357,0.140187
287,93.736695,93.269557,0.140219
288,93.796695,93.273595,0.149238
289,93.796695,93.275234,0.149396
290,93.796695,93.275234,0.149396
291,93.796695,93.278234,0.147742
292,93.796695,93.278234,0.147742
293,93.796695,93.279434,0.14818
294,93.796695,93.281234,0.148453
295,93.796695,93.282273,0.149172
296,93.796695,93.288273,0.148913
297,93.796695,93.288273,0.148913
298,93.796695,93.288273,0.148913
299,93.796695,93.291273,0.148207
