-4.504651910462301179e-01
4.381251964861480053e-01
8.987498614724354074e-01
4.673562988440648214e-01
9.444295554590866892e-01
1.000000000000000000e+00
-8.164746771070372500e-01
1.477760248883526750e-01
-9.425923413442394150e-01
4.064009197490291436e-01
-2.586700714191708661e-01
-1.000000000000000000e+00
5.406473412684763558e-01
6.156719751836776666e-01
7.723736089702959440e-01
-8.365294657481727736e-01
-4.514187038966485654e-01
8.620961266120064082e-01
-1.000000000000000000e+00
-7.507307425380322918e-01
2.570622618051776609e-02
-3.183236255426595829e-01
2.857603113702539832e-01
3.402234213490624715e-01
7.606822577127281271e-01
8.960440382716370333e-01
-3.142287043356445375e-01
-4.522446292241456001e-01
-1.000000000000000000e+00
3.089901290573126569e-01
-1.000000000000000000e+00
-3.458139903541951332e-01
5.389519295570587287e-01
-4.627465545759474330e-01
-1.000000000000000000e+00
-3.151555004273448590e-01
-1.940740152277722896e-01
8.545532300414593330e-01
-6.629316662398161419e-01
2.812328073506903947e-01
6.998797599406245684e-01
-1.252779322663555850e-01
1.000000000000000000e+00
4.523223036772259231e-01
1.000000000000000000e+00
-3.426650899504459225e-01
6.528728318386298746e-01
2.168340148821591429e-01
8.562915619172183357e-01
-9.700256697285273289e-01
9.477571255117958615e-02
-6.067344046848981431e-01
1.000000000000000000e+00
2.968125524588112740e-01
1.000000000000000000e+00
1.000000000000000000e+00
-8.796108120898739058e-01
3.603020345454913120e-01
-1.000000000000000000e+00
8.037459271055208410e-02
1.000000000000000000e+00
-6.071886850102313771e-01
6.976743299999788039e-02
4.928475590223920788e-01
-1.000000000000000000e+00
4.041606517342758442e-01
-1.000000000000000000e+00
1.000000000000000000e+00
-2.454140219750111651e-02
-1.945355293006412190e-01
1.000000000000000000e+00
7.165256025169663978e-01
-7.010590000708596392e-01
-2.803273049450242249e-01
-9.131300967499501597e-01
1.000000000000000000e+00
-2.613997025615998337e-01
-8.931638414272438098e-01
3.742746563876709898e-01
2.930613255556746566e-01
2.295560559865161832e-02
-1.000000000000000000e+00
-1.000000000000000000e+00
4.664178322982470148e-01
-8.902562053902222106e-01
4.599900038456878892e-01
-4.489640385419070290e-01
3.693404802156626809e-01
8.096341280833163623e-01
8.009015135419078613e-01
9.778560054263741863e-01
4.965907180643129859e-01
-3.960287590335866970e-01
7.169638564651290569e-01
1.000000000000000000e+00
-2.426829745323010323e-01
-5.786276027593481031e-01
-4.793539917948312357e-01
9.254114686111791777e-02
-7.019333574157072819e-01
7.482141991334700926e-01
-1.000000000000000000e+00
-6.543447906348588416e-01
-1.000000000000000000e+00
-1.000000000000000000e+00
7.072631201379099286e-01
-1.000000000000000000e+00
4.376165834744608074e-01
-9.310366255913059552e-01
-2.317214308415732615e-01
3.927464624412206340e-01
-5.044235217480420586e-01
-1.000000000000000000e+00
3.574428154877264396e-01
5.576986772361020028e-01
2.164638864583987576e-01
-1.000000000000000000e+00
1.000000000000000000e+00
-6.366906742094271543e-01
-9.228410944141417493e-01
-2.099838950631404966e-01
9.999167662023168424e-01
-1.195558632736187232e-01
1.000000000000000000e+00
-2.172456057550034014e-01
5.498437142593604054e-01
-4.281682326289541485e-01
6.612959039835843988e-01
2.743228078805948211e-03
-3.816846190469251887e-01
-1.000000000000000000e+00
-9.165276137336586526e-01
-1.000000000000000000e+00
9.476179470637435820e-01
-3.820733560933750605e-01
-1.000000000000000000e+00
-6.757772017740349968e-01
8.118098566703487728e-01
1.000000000000000000e+00
-7.564483373434560676e-02
6.553747533495476452e-01
1.700453255352634696e-01
-1.000000000000000000e+00
1.000000000000000000e+00
-1.046423119709566363e-01
8.266447930175724323e-01
7.791743135869804160e-01
1.000000000000000000e+00
-1.000000000000000000e+00
-1.999022842004291589e-01
-3.326304579827759067e-01
3.156166704014736757e-01
-1.000000000000000000e+00
-1.000000000000000000e+00
4.664145617394789278e-01
4.558243954467439130e-01
7.075525747428224044e-01
-1.000000000000000000e+00
-4.580126098509449406e-01
-1.000000000000000000e+00
1.000000000000000000e+00
-5.503261486034090044e-01
-1.000000000000000000e+00
-7.167481507817551334e-01
1.000000000000000000e+00
-2.381884124514122014e-03
1.000000000000000000e+00
1.000000000000000000e+00
-4.701781391165814616e-01
-2.244208981459557273e-01
-1.000000000000000000e+00
5.581372509216825373e-01
1.000000000000000000e+00
5.179350904306175840e-01
-8.207767482755055077e-01
5.794141447936878020e-01
3.105455920017695659e-01
6.997512913124428469e-01
6.370476461117691169e-01
3.530534909352283091e-01
-4.956324910403855366e-01
-1.000000000000000000e+00
-9.075404144609893198e-01
8.305689403547078520e-01
1.000000000000000000e+00
-7.090441736234289749e-01
5.791778164260884543e-01
-2.768507969424736648e-01
1.000000000000000000e+00
-4.187905478899158762e-01
9.230864651780559260e-01
-1.000000000000000000e+00
-1.047834119766285488e-01
-7.836472280525563772e-01
-7.766812537867372468e-01
4.098812397953185416e-01
9.672269856284277934e-01
-6.943555516091444169e-01
1.000000000000000000e+00
-1.000000000000000000e+00
-8.543392605494715131e-01
-2.720925427983496014e-01
6.187285149785987093e-02
-1.578553679452294189e-01
-7.212504977039216891e-01
-9.358406119549520508e-01
-1.708469176970318082e-01
5.737419565041024239e-01
-9.049482120496521453e-01
-4.065337057356559480e-01
3.344418422021861459e-01
1.641462779466354160e-01
6.053457308702232531e-01
-1.927080892351941133e-01
2.596473523346607415e-01
-5.703513662578363341e-01
-1.410850816845021782e-01
1.000000000000000000e+00
1.000000000000000000e+00
8.634602189817136564e-01
1.000000000000000000e+00
-1.000000000000000000e+00
4.349729010680708496e-01
-9.458791717838939128e-01
1.000000000000000000e+00
2.938958762241805633e-01
1.000000000000000000e+00
-2.352076052093894365e-01
1.000000000000000000e+00
-6.900527545290856546e-01
-5.856487711374016580e-01
6.525769208703705582e-01
-6.290457921469088109e-01
1.000000000000000000e+00
3.081224579662190100e-01
1.000000000000000000e+00
6.108526036800365766e-01
-3.269771990920686822e-01
-1.000000000000000000e+00
-3.532579296160537341e-01
9.860905728712832108e-02
9.175318269806875815e-02
-1.421356257691587799e-01
-3.380059468014516844e-01
-3.721800252999122871e-01
1.350513235535316658e-01
8.262296811323058821e-01
4.457684068712309822e-01
9.896772863074452253e-01
9.821850047229898628e-01
-1.000000000000000000e+00
6.028838392232389598e-01
-4.530769817249473697e-01
8.119746832616794308e-01
-1.000000000000000000e+00
3.387676877614178017e-01
8.727900779614128357e-01
5.234603089686752364e-01
-4.918504393351562642e-01
-6.897757132106598910e-01
1.000000000000000000e+00
2.592211411950180455e-01
-8.427987376940021536e-01
6.137077695070360939e-01
-1.000000000000000000e+00
