6.250246800410494963e-01
8.469731154028770082e-01
6.932539536432733573e-01
6.907277186625621068e-02
1.000000000000000000e+00
-3.483818785666032980e-01
-5.657751440058473857e-01
-4.904067112091068381e-01
5.844540068218992968e-01
9.950928497993498656e-01
9.205226909165987736e-01
-9.533436932659904439e-01
-4.041183393481357911e-01
8.126357190094926075e-01
5.684478099120048311e-01
-4.175473603380023269e-01
-3.978127809498724354e-01
9.342942746521926134e-01
8.420229255925983924e-01
-3.014858431583111731e-02
-6.845392744445721878e-01
3.167667666147584438e-01
-6.872434265332485470e-01
-9.842020215495117519e-02
-5.882979663529270820e-01
-2.298295165469462775e-01
2.680761509949743937e-01
-5.893548801828478734e-01
-6.492395251634326403e-01
-2.448971201778281093e-01
-6.299788556442157406e-01
-6.641774926522492351e-02
-7.585046190706803415e-01
1.813682469289463750e-01
-2.096658007418748804e-01
1.933606673611373838e-01
5.085507079230886518e-01
-6.970893614110693637e-01
5.459724807971578775e-01
-9.833120678019953154e-01
7.633387610220985220e-01
1.000000000000000000e+00
-1.775819281471013866e-02
-6.592566555842080955e-01
-8.827814364571470174e-01
9.195608565079611552e-01
9.480656864050828192e-01
7.970613886171675766e-01
2.328738024485568214e-01
-1.000000000000000000e+00
-1.000000000000000000e+00
3.694917062576914546e-01
-1.000000000000000000e+00
5.052686323139339297e-01
-1.000000000000000000e+00
-1.000000000000000000e+00
5.604932821353837413e-01
-1.000000000000000000e+00
-3.508308402976635931e-01
8.053184371591837198e-01
6.392711433587862091e-01
2.702094237407546284e-01
6.851707066803465196e-01
1.000000000000000000e+00
7.174498967117906023e-01
5.280462121976632339e-01
-8.203652835066906901e-01
7.627467048986804610e-01
3.723245921963905802e-01
-8.499117592022209511e-02
-1.000000000000000000e+00
1.562123716465890766e-01
-1.977349234298229064e-01
-1.256300936138372015e-01
3.617297334485380933e-02
1.000000000000000000e+00
5.218692238761371005e-01
-1.443764899778017530e-01
-2.909164199001238460e-01
7.305043195726150795e-01
6.072769614794970572e-01
2.570130218303319225e-01
-9.967298818506636904e-02
1.000000000000000000e+00
3.167261513291370068e-01
-6.525973639836430973e-01
5.243838902733911622e-01
-6.605901948915393618e-01
9.066242898940846118e-01
5.653544001633832305e-01
2.046075718681791833e-01
5.090195630999585497e-01
5.651163815107591581e-01
1.949549159826318712e-01
1.000000000000000000e+00
8.574299476484062987e-01
-1.000000000000000000e+00
-6.996488781863728912e-01
8.218469718557948056e-01
-8.176110895315794602e-01
-5.550015229517931692e-01
-9.892699074760894495e-01
1.244688927842287907e-01
5.355047964006085515e-01
-7.820029322456908405e-01
1.000000000000000000e+00
6.033930465242676178e-02
3.618523776267213443e-01
1.047685201218657713e-01
1.000000000000000000e+00
4.009171442588097545e-01
5.352897323509980820e-01
-3.632663284584944918e-01
-1.483019164232484699e-01
-1.663826393578053398e-01
1.000000000000000000e+00
-1.000000000000000000e+00
7.583361044091641023e-02
1.399696648997613702e-01
2.772216127789738915e-01
-6.896750809826650563e-01
-9.549563684827510057e-01
4.165182053904332715e-01
4.374932879218559334e-01
-1.832209630602672501e-01
5.012682280718772088e-01
2.604759928847913408e-02
1.000000000000000000e+00
8.821852133836358689e-01
1.000000000000000000e+00
-3.656787505866518906e-01
-9.931833883702707588e-01
1.925920197422656688e-01
1.000000000000000000e+00
5.928229729909925694e-02
-1.000000000000000000e+00
-1.147297364195947189e-01
1.177483955064687615e-01
-5.720920318060166432e-01
9.351358787323658106e-01
-1.000000000000000000e+00
8.665007627976067939e-02
0.000000000000000000e+00
-5.446460199810159164e-01
5.360057439741188201e-01
1.000000000000000000e+00
-6.594375429697330038e-01
-9.474491077261710803e-01
1.000000000000000000e+00
9.505324912714427921e-01
-1.000000000000000000e+00
2.023514315450119505e-01
-1.000000000000000000e+00
9.469679699812458828e-01
-1.000000000000000000e+00
-1.000000000000000000e+00
-2.871987524673192960e-01
5.714043866495355228e-01
4.460535605552762295e-03
6.094464707593083563e-01
1.000000000000000000e+00
9.797836219379869593e-01
-8.320180898951274884e-01
-6.138787625109621837e-01
8.887993999149415014e-01
4.747885011516222442e-01
6.806283854085095619e-01
6.822730263654941396e-01
9.673988519340658288e-01
-1.000000000000000000e+00
-4.355609418875962535e-01
5.587419831561153405e-01
-8.064222201255484279e-01
-1.869935907069755765e-01
4.979958162239361830e-01
-1.000000000000000000e+00
2.392903113243003421e-01
-4.078268839588401473e-01
1.000000000000000000e+00
2.320030678959956461e-01
-9.525208258239366010e-01
-4.727995535330515309e-01
-1.978828309074466274e-01
5.592650206558685833e-01
-6.737854706375172587e-01
5.199314357102735595e-01
1.000000000000000000e+00
-1.000000000000000000e+00
1.000000000000000000e+00
1.000000000000000000e+00
9.174245954190756169e-01
-1.000000000000000000e+00
-8.790324866343244281e-01
7.402536307842648711e-01
1.506480944398249644e-01
2.102221987085042265e-01
5.864654314037619498e-01
-1.000000000000000000e+00
4.086907634245587895e-01
-1.000000000000000000e+00
-5.825074444346761693e-01
-1.000000000000000000e+00
6.356742629784485343e-01
1.000000000000000000e+00
-6.482728462770818156e-01
5.087574509428813840e-01
-3.141750348143002025e-01
-1.000000000000000000e+00
9.282837715358980279e-01
8.326090343152141582e-01
2.051741166338755251e-02
7.276323491050957770e-01
-2.015325470341107206e-01
3.195852128476008858e-01
2.699002671165660061e-01
-4.881179678545723988e-01
4.197978888346212134e-01
-2.093346064959377695e-01
-1.000000000000000000e+00
1.000000000000000000e+00
-7.584066934621804812e-01
-1.000000000000000000e+00
4.574286358085778992e-01
-5.862084843767096931e-01
5.014906242983200313e-01
1.583472701179657882e-01
-5.632932124616834013e-01
1.000000000000000000e+00
-6.230098761617277603e-01
1.000000000000000000e+00
-1.660763680905399386e-01
5.210736919597154237e-01
-6.502493746485031867e-01
6.407666201358703795e-01
1.000000000000000000e+00
1.135900884598976396e-01
-8.734250596232039365e-01
9.402286694457873129e-01
-3.780153062773827788e-01
2.084929928884180494e-01
-4.508221583724779657e-01
-2.261666229434193820e-01
-2.570679788219643047e-01
-2.937870378026776752e-01
4.654476548785726475e-01
-6.112876344306177323e-01
9.514695566209063760e-01
7.638088032182339671e-01
1.000000000000000000e+00
-1.000000000000000000e+00
1.000000000000000000e+00
1.000000000000000000e+00
-4.511149104527005793e-01
-4.807727083459130135e-01
-2.366069369297563729e-01
6.941867722396998230e-01
5.395245887950874675e-01
3.447756762062417213e-01
1.280108688296538455e-01
-1.000000000000000000e+00
1.652401045252616107e-01
-1.000000000000000000e+00
-7.799000584063570107e-01
7.626801197859691683e-01
7.051074704309021612e-01
