-5.945832110666077197e-01
-7.513126666625705719e-01
8.091052842040609150e-01
8.379793214021526992e-01
-1.876091378018561462e-02
5.029819150281225060e-01
6.753194111806635203e-01
1.165279628565080161e-01
-7.918124143004370286e-01
4.657895238384857639e-01
-1.000000000000000000e+00
-9.933535502014333440e-01
-4.734778048604199041e-01
-6.212896786796762161e-01
7.977819390679727896e-01
7.794717359697114212e-01
-1.000000000000000000e+00
8.562317488190944736e-01
-2.252758365345510216e-01
7.541877366426512630e-01
-5.992350860605376583e-01
3.788002134670860888e-01
2.601740502745925609e-01
9.546163824157239963e-01
-5.911771760943452803e-01
7.913000334273665448e-01
-9.720421841432794752e-01
5.922706902951146990e-02
-3.241007857562880901e-01
-7.236809532009186308e-01
8.037639540538032978e-01
3.241054077615139195e-01
5.946223128707048833e-01
-8.377175461091896924e-01
9.990082417482020194e-01
-1.786642464792275176e-01
-7.807207433012759434e-01
-8.581622891741864656e-01
-9.299916878268629228e-01
-1.000000000000000000e+00
1.000000000000000000e+00
2.683138840120571356e-01
2.456361037552507731e-01
-1.669891638504481524e-01
1.499691968767377925e-01
-7.917139749622522649e-01
8.983954375992311281e-01
-9.329313094390028205e-01
-4.602918605423833576e-01
-8.635707974750788107e-01
-8.358606023653782913e-01
5.834703178223937803e-02
-1.000000000000000000e+00
5.959938920739525914e-01
3.537798965514427074e-04
-2.993761134519279388e-01
4.904805549287459265e-01
5.559595128533959540e-01
1.581694292275584446e-02
-2.700439827382079550e-01
4.265649896765961735e-01
-2.134311029996004971e-01
-9.691978573506048189e-01
5.033364582727223313e-01
-7.293525120207220436e-01
5.226126553594971635e-02
3.332441288396634227e-01
-2.468474861152540334e-01
-1.000000000000000000e+00
7.079171894158551304e-01
9.330045421273631678e-01
5.240312651185345949e-01
-2.783445952344753005e-01
-8.595195627584458764e-01
1.000000000000000000e+00
2.997501520337796377e-01
-5.253532272521148627e-01
3.072234910838014255e-01
-1.000000000000000000e+00
-1.418942303690320095e-01
-5.965290657144443065e-01
9.940224969832009982e-01
-5.414472523950109029e-01
-2.137059853223642059e-01
-8.109712001561605321e-01
1.879621763565867687e-01
9.146248946237358624e-01
7.259195214068479007e-01
8.760117306957272421e-01
-4.825651683921390322e-01
-2.007207805198824024e-02
9.875835349877361002e-01
5.448593576195862598e-01
-7.548324091895356469e-01
-3.965961326627827077e-01
-4.897118359364587281e-01
1.000000000000000000e+00
5.108701049141725625e-02
1.000000000000000000e+00
3.755399115951839062e-01
-1.000000000000000000e+00
8.440688715457724811e-01
5.727454026422873490e-01
5.614793201574738157e-01
8.006610619217306990e-01
6.952384752684362956e-01
1.000000000000000000e+00
7.020467767066100873e-01
7.330326653788641345e-01
-9.506678907434912285e-01
1.817380651117711798e-01
-7.882662158587583345e-01
-8.261623777584733430e-01
-5.959600650382204101e-01
-9.244212496340293850e-01
-6.423967470175642180e-01
9.786671487161950900e-01
3.175837501506455218e-02
5.430058895153613285e-01
-1.000000000000000000e+00
-9.520883987654498171e-01
-6.205512976263017899e-01
-2.535632420721155578e-01
-9.982327569171682846e-01
-5.792775969758263699e-01
-6.561097996564881907e-01
-7.427583163521526144e-01
-8.268208028476152771e-01
7.074571208750617402e-01
-3.680080804832071006e-01
-7.099756641060128715e-01
-6.311912857176378289e-01
-7.351643408497450238e-01
9.876355723538912113e-01
-9.380706629682750153e-02
2.264323384311880127e-01
1.000000000000000000e+00
7.762691414178850557e-01
-4.991686139887067108e-01
1.000000000000000000e+00
-5.972815212927953255e-01
-2.943088707068673426e-01
-5.694748058592125073e-01
-1.133912668468851359e-01
9.291906313877014156e-01
-7.839311658553343998e-01
8.515328678079995273e-01
-1.497147821389732125e-01
1.000000000000000000e+00
-1.000000000000000000e+00
9.009642438048387492e-01
-7.914642520683932148e-01
9.960880841645867179e-01
8.785952307805611206e-01
3.755786982922715844e-01
-2.955135519539956457e-01
1.155257353223818340e-01
-1.000000000000000000e+00
-5.586579704329905915e-01
8.895154424730442599e-01
3.291345779632148805e-01
8.029916882805081535e-01
-7.036998652966959256e-01
-4.030575481550755512e-01
-8.512467749330081546e-01
-6.219394531253634728e-01
8.249614456940373985e-01
-8.158685108529108998e-01
8.937861431663461920e-01
-9.612326741726859858e-01
6.144362365323817743e-01
-7.300631748896119211e-01
1.030767973069138255e-01
-1.000000000000000000e+00
9.799367759289903113e-01
7.206707722738356914e-01
8.258699829113785862e-01
-5.910893001297736760e-01
-4.870244555105311401e-01
-3.970583129586902071e-02
-7.595368303669134402e-01
-3.831583198387580325e-01
1.000000000000000000e+00
-9.871620451958387221e-01
7.226519768275345701e-01
-4.868840739146322871e-01
1.579543634138581287e-01
-9.877992634780305981e-01
5.565403645550651146e-02
9.827205653303315858e-01
1.000000000000000000e+00
-5.190404300402889914e-02
-1.000000000000000000e+00
1.457595438064176185e-01
-6.957886507591042324e-01
-4.441484423613156762e-01
-1.825850388845183803e-01
9.986491048453736141e-01
9.827639845866587009e-01
2.281581711260478595e-01
-8.513788093750709329e-01
5.760920659239128216e-01
6.351480269539094836e-01
9.703751155984294829e-01
8.143010516090103401e-01
-8.031251702088701983e-01
-9.582252858032581644e-01
5.006454948370080427e-01
9.275754942781622159e-01
-2.670386981768540502e-01
-7.947797401083792623e-01
2.151113331194420553e-01
5.886339189615412415e-02
-5.179589888645900198e-01
2.513425904609120631e-01
-9.924675087068262069e-01
-1.000000000000000000e+00
-1.000000000000000000e+00
1.033206342350855289e-01
2.061107646643690339e-01
-6.209047468552024718e-01
5.245444339615555895e-01
-9.340007488810300185e-01
1.000000000000000000e+00
8.044045293762609461e-01
-4.544043091009537516e-01
3.850387975230452065e-01
8.074879540438955061e-01
-2.900462242379139299e-01
-6.738003747363361384e-01
4.500125373768081305e-01
-6.866032565446666958e-02
6.723938046269242186e-01
1.000000000000000000e+00
8.302593104453488415e-01
-9.050410765544687486e-01
6.404408040940632318e-01
2.174027491152949465e-01
7.900479467864238714e-01
9.962071622357242529e-01
-7.767462280422128273e-01
9.363526872625151931e-01
9.726591267420003906e-01
3.488131119020462800e-01
-2.606512922375691654e-01
-9.785071803435953230e-02
9.940936540360544305e-01
-8.163719187004541133e-01
-2.144794059438663580e-02
9.779931802355862347e-01
-9.974215499023545428e-01
8.880637200291532363e-01
1.402996418279222127e-02
-1.589293694127697776e-01
3.772300593453657980e-01
7.400674359357712895e-01
1.299600029738915141e-01
1.000000000000000000e+00
3.421615289448016739e-01
-4.699097763834519381e-01
-1.725580908222322796e-01
8.006978229352204046e-01
-6.018993207971543580e-01
1.482583714558344257e-02
-4.645781184887617932e-01
