-7.571762554497796227e-02
-1.000000000000000000e+00
-3.375065083961953372e-02
-1.000000000000000000e+00
3.223999585378319321e-01
8.594142547551391065e-01
3.871099542362005375e-01
1.145512220906993450e-01
2.978676148620723052e-01
1.744473001760397934e-01
1.000000000000000000e+00
4.643203594614876417e-01
-1.000000000000000000e+00
-1.000000000000000000e+00
-7.004991075932458511e-01
-1.349815825141499337e-01
1.624818120509941011e-01
-2.667040971808726235e-02
-3.553186163243883255e-01
3.645869172770729305e-01
-8.563699823911397058e-01
-1.000000000000000000e+00
3.536672778187170962e-01
-5.966780250806871244e-01
-3.603575221210486568e-01
-1.000000000000000000e+00
1.000000000000000000e+00
-1.000000000000000000e+00
-5.732823249185986514e-02
-2.339730184717441208e-01
1.000000000000000000e+00
5.028043410862772511e-01
-5.268457449826765560e-01
-1.777269258237195726e-01
5.558563908473873605e-01
5.573837797777003722e-01
1.000000000000000000e+00
2.753803151589900855e-01
-1.000000000000000000e+00
1.000000000000000000e+00
1.000000000000000000e+00
6.511984599679634389e-01
3.984214526893171127e-01
9.370803061393009337e-01
8.141597908407067763e-01
6.605904480547653002e-03
9.632535839212927886e-01
-7.014635703921692222e-01
1.000000000000000000e+00
3.164258626297742349e-01
-4.507586972754223931e-01
5.193359336395592107e-02
4.353576343167068763e-01
1.000000000000000000e+00
1.000000000000000000e+00
1.000000000000000000e+00
1.722946734745200992e-02
-3.413301074588428463e-01
-4.729082191521847833e-01
-1.889329433822434789e-01
1.000000000000000000e+00
-1.000000000000000000e+00
5.668835152428429724e-01
2.533539893934254605e-01
1.300602713035936553e-01
8.575268648171661123e-01
-1.000000000000000000e+00
5.167007217195986879e-01
-5.530775075497398330e-01
-6.929274953366408862e-01
-7.675447860975552761e-01
-2.501341362223751807e-01
-4.314214845919337460e-01
1.000000000000000000e+00
-1.000000000000000000e+00
8.046347839993397422e-01
4.157106773660038668e-01
1.000000000000000000e+00
-9.691961137415799898e-02
1.000000000000000000e+00
-2.104268922457980528e-01
-3.184705753489169844e-01
1.000000000000000000e+00
-2.407755629165719835e-01
6.774118298577588293e-01
-1.674751726700350885e-01
-1.718927688892107897e-01
-3.346117142596662930e-01
-1.000000000000000000e+00
-5.356393094793312493e-01
6.939895841516577901e-01
1.000000000000000000e+00
-1.000000000000000000e+00
1.000000000000000000e+00
3.278312045568931854e-01
1.000000000000000000e+00
-1.000000000000000000e+00
-3.670558726858498266e-01
-9.603526056384876775e-01
1.000000000000000000e+00
1.000000000000000000e+00
-2.098285079367931960e-01
5.969803259310426657e-01
-2.678288189335203406e-01
6.293193763405420249e-01
-1.000000000000000000e+00
-1.000000000000000000e+00
4.617815831580330821e-01
4.880594613027877671e-01
-1.000000000000000000e+00
-8.029716680161249620e-01
5.129644155810209050e-01
4.620069033129039493e-01
-7.067185033838158104e-01
-1.000000000000000000e+00
-2.750272046768187373e-02
1.000000000000000000e+00
-1.000000000000000000e+00
-8.650409983583096096e-01
1.000000000000000000e+00
5.829335462307194682e-01
-1.615807658919952150e-01
1.000000000000000000e+00
-5.452278909583214705e-01
-6.470418470651504439e-01
-3.331000283198669587e-01
3.077186913610285846e-02
-2.672967230149042583e-01
-1.000000000000000000e+00
6.991912585419637338e-01
-2.282667857317882687e-02
-8.838286515191905446e-01
5.829261428150351865e-01
1.000000000000000000e+00
1.000000000000000000e+00
1.000000000000000000e+00
-6.686070966150355899e-01
6.644496774479691226e-02
1.000000000000000000e+00
7.811453897863777085e-01
-4.512630018516509689e-01
1.000000000000000000e+00
5.217778003079076576e-01
-8.506575723248468446e-01
1.000000000000000000e+00
2.612405930543142407e-01
7.038143542025944166e-01
3.038445581793474126e-01
9.070794834357933656e-01
-1.000000000000000000e+00
1.485015212893106007e-01
-6.752490123526444510e-01
1.000000000000000000e+00
9.111694803529386544e-01
-3.883480227929033690e-01
9.456388061977727411e-01
2.682234322861909437e-01
-1.000000000000000000e+00
-6.109571493272861753e-01
-1.000000000000000000e+00
-1.000000000000000000e+00
6.170086098448908096e-01
8.180804616263590567e-01
5.714155988024971489e-02
-1.300633535064554258e-01
-7.976105417749046467e-01
1.000000000000000000e+00
-1.000000000000000000e+00
-5.309598003142396161e-01
-7.691591417904652950e-01
-8.974763911977056141e-01
1.000000000000000000e+00
-1.000000000000000000e+00
-4.636725167095696598e-01
-1.000000000000000000e+00
-9.577302155816311835e-01
1.000000000000000000e+00
-4.019010693970137549e-02
-3.242411879791783358e-01
-7.452238591801072509e-01
-4.431003373882553276e-01
-1.644887730908356493e-01
6.722538707100328415e-01
-3.603774203173976121e-01
-5.027649385245426261e-01
7.256660085858922526e-01
5.670625182242423623e-01
-1.000000000000000000e+00
-5.898130577721111267e-01
-5.790438034793343736e-01
-1.000000000000000000e+00
-7.977557221855842151e-01
-4.757638937208930052e-03
1.630207175797943053e-02
-3.394871268699741762e-01
9.201628299097266428e-01
2.015968248647908023e-01
1.000000000000000000e+00
-1.000000000000000000e+00
-1.000000000000000000e+00
7.581045213790571502e-02
-8.327107048744828433e-01
-5.043275325808809217e-01
7.705956035039835950e-01
-1.425329721851640308e-01
-1.000000000000000000e+00
4.990292369086578028e-01
-2.861625519667261308e-01
9.493033976860856260e-01
-1.000000000000000000e+00
1.000000000000000000e+00
1.000000000000000000e+00
4.844207495011476627e-02
2.231950245506864050e-01
6.572792204392668980e-01
4.708410661135573050e-01
1.000000000000000000e+00
7.714322234970889536e-01
9.939208514838484554e-01
-3.758241468237927263e-01
-9.456024776545941535e-01
-6.812539334111039624e-02
-5.597216128407389579e-02
9.878385134311717941e-01
-4.875577839786769951e-01
-6.115408650163101090e-01
-1.000000000000000000e+00
7.461732848886185598e-01
3.924214844135663904e-01
-1.000000000000000000e+00
-1.000000000000000000e+00
1.000000000000000000e+00
-6.841519222842065151e-01
7.469382876867206589e-01
-1.198134017589930211e-02
1.000000000000000000e+00
1.000000000000000000e+00
-6.036845380229116653e-02
-1.000000000000000000e+00
1.000000000000000000e+00
-4.084677854646421857e-01
1.757006543981292079e-01
1.000000000000000000e+00
8.409217961887094361e-03
1.000000000000000000e+00
-7.749085470554721855e-01
7.188621448907356326e-01
9.327716566216408545e-01
1.000000000000000000e+00
-1.000000000000000000e+00
1.000000000000000000e+00
-2.475636915509382696e-01
-2.229280885497682274e-01
-9.045315892895791077e-01
-6.377905970887258746e-01
3.146708616191459251e-01
-1.000000000000000000e+00
9.320492239389222000e-01
-8.038149316307729997e-01
1.172429773751646753e-01
-1.344606425425888263e-01
1.000000000000000000e+00
-8.282621112566068700e-01
1.000000000000000000e+00
1.000000000000000000e+00
