1.000000000000000000e+00
6.944786334091405111e-01
6.235346857454737712e-02
6.398812536542333174e-01
-7.490704551997331428e-01
-1.000000000000000000e+00
-1.494832503726666872e-01
-1.000000000000000000e+00
-9.815249295286767595e-01
-1.526633815249459070e-01
-1.000000000000000000e+00
-4.125888870965339628e-01
9.857498347539181971e-01
8.384200418372431685e-01
-1.221920516555504571e-01
-1.000000000000000000e+00
-3.272340084869398424e-01
4.212037633469793985e-01
1.000000000000000000e+00
9.289604819196624064e-01
-7.827937996889323680e-01
7.128767773522652895e-01
-1.000000000000000000e+00
5.062390400700673698e-01
-5.301174713136929117e-01
-5.210520104472140535e-01
-5.444844766367928912e-02
-5.205045130736849490e-01
-1.000000000000000000e+00
-1.000000000000000000e+00
-8.243781354312965659e-01
-2.534444013064337531e-01
2.695872479424069601e-01
-3.848450505145079026e-02
-4.131972988872791852e-01
-1.000000000000000000e+00
-9.552218852523453041e-01
-1.000000000000000000e+00
-5.917891976809387389e-01
8.329378451601970879e-02
6.533504072722614575e-01
-4.094924058212109919e-01
-2.040880284892490071e-01
-1.000000000000000000e+00
-4.521255224602360734e-02
2.938135733999390764e-01
-1.000000000000000000e+00
1.000000000000000000e+00
5.993408834726603462e-01
-1.000000000000000000e+00
1.000000000000000000e+00
3.107787794261951397e-01
-1.631117819520802315e-01
-6.131624390097938360e-01
-4.315911269509439818e-01
-9.614624385644729987e-01
-1.829780957658193596e-01
3.337894812792653321e-01
4.599569092514665947e-02
-2.151344383308168018e-02
-8.064546078094716464e-01
-7.479973429010845498e-01
3.536797398834206074e-01
1.000000000000000000e+00
4.150667104889795844e-01
-1.000000000000000000e+00
2.172511785433058895e-01
2.576446387224990975e-01
6.655638802587648950e-01
-7.920910532580431873e-01
1.000000000000000000e+00
-3.251418121760116242e-02
-2.556319562247717503e-01
-5.078020034727595000e-01
-1.000000000000000000e+00
-4.496834360808181774e-01
-1.000000000000000000e+00
-8.011400412613494115e-01
1.000000000000000000e+00
8.926674711949676988e-01
-1.382924575733426864e-01
-1.919239454980670168e-02
7.377788525079962412e-01
1.000000000000000000e+00
7.676410150847017277e-01
3.436899887534756726e-01
1.000000000000000000e+00
1.000000000000000000e+00
-1.000000000000000000e+00
1.000000000000000000e+00
1.000000000000000000e+00
6.914144398022864513e-02
9.114397844485999656e-02
-2.753700850714246862e-01
7.846493949223989350e-01
4.944439678773635549e-01
0.000000000000000000e+00
7.406523991791329475e-01
1.887219044431152626e-01
3.483659495667890127e-02
-1.000000000000000000e+00
1.000000000000000000e+00
-1.000000000000000000e+00
-4.257721829943577618e-01
-5.642556767880562152e-01
6.915849423897619808e-01
-8.011666701388662215e-01
6.128216980250236201e-01
5.865660824334516521e-01
-4.692660272881352679e-01
-4.244988713947127623e-01
-1.000000000000000000e+00
1.000000000000000000e+00
-2.612303362536428919e-01
-8.040710250936128345e-02
-6.021691271128145617e-01
-5.166231722205353316e-01
1.000000000000000000e+00
2.835440979839122244e-01
4.941695546054504784e-01
1.000000000000000000e+00
-1.000000000000000000e+00
4.596722303714854130e-01
9.106505769452877264e-03
-4.766953560203246454e-02
2.193402613136019585e-01
6.817083528701450845e-02
2.920130628315509291e-02
-8.016881781963143272e-01
1.625851435763394637e-01
-6.640772133366910079e-01
6.876813087614077613e-01
-2.715464115616219587e-01
2.690042819160264331e-01
4.777532689373849006e-01
5.388714597421955244e-01
-1.666262603620833893e-01
-1.000000000000000000e+00
1.000000000000000000e+00
4.231788144958272824e-01
-1.574357245211898126e-01
-2.299094181087799615e-01
6.112798876875327192e-01
3.819906092913877282e-01
1.000000000000000000e+00
4.943722813315664655e-01
1.000000000000000000e+00
-1.000000000000000000e+00
-8.161206626158884481e-01
-1.893749147822525458e-01
5.971796583005413162e-01
3.243725293911501328e-01
-2.220965427521452429e-01
1.000000000000000000e+00
-4.564330141570059340e-01
5.679038751016073361e-01
-6.374852650704585511e-01
1.000000000000000000e+00
1.000000000000000000e+00
-1.000000000000000000e+00
2.426856914736120474e-01
-6.076794494987148854e-01
-5.897330486271143979e-01
-7.558817758955123089e-01
1.000000000000000000e+00
1.000000000000000000e+00
-7.544461490490261824e-02
-9.407716395321212843e-01
-1.696494792872874080e-01
-7.667546203351612855e-01
-5.126343559389017202e-01
-1.000000000000000000e+00
-1.399332837918370043e-01
3.857787062960869040e-01
6.984428846952308589e-01
-3.963669521194501666e-01
-4.639751853631803868e-01
6.503119986511833872e-01
4.590728475209262527e-01
-4.764484830962575357e-01
5.098689298422004468e-01
-3.965051144260288707e-01
-4.476407952392691403e-01
-4.759979250947570240e-01
-2.872528385056997702e-01
6.803879123052160027e-01
-2.148519839550844246e-01
-6.398164459774638990e-01
-2.595767913636858326e-01
-2.686722653469497124e-01
1.000000000000000000e+00
-3.935421103114919994e-01
1.881930170885067199e-01
-2.230307854142035140e-01
4.544706549106545257e-01
-1.000000000000000000e+00
-9.960911984216880288e-01
1.000000000000000000e+00
6.716205161730899320e-01
1.000000000000000000e+00
6.992279548411328705e-02
-8.077426342686654381e-01
1.000000000000000000e+00
2.478325111343501752e-01
-6.283839369420574084e-01
-6.884510280749878142e-02
-2.548455024717510842e-01
-1.000000000000000000e+00
1.000000000000000000e+00
2.090975327637188963e-01
-5.255538075053225455e-01
-1.538502995723984856e-01
3.975946396898702440e-01
-6.570789386425974765e-01
4.183110557240808935e-01
1.000000000000000000e+00
-2.712521867102098971e-01
1.000000000000000000e+00
0.000000000000000000e+00
-1.000000000000000000e+00
-4.211068777052169865e-01
-4.479676267704418846e-01
1.214527244527342509e-01
-1.000000000000000000e+00
-1.000000000000000000e+00
8.627547937512564102e-01
-3.711743059723330296e-01
-4.738627301827408322e-02
-3.445456457635479586e-01
3.429177177772972929e-01
-8.214270156985520321e-02
1.000000000000000000e+00
1.000000000000000000e+00
-3.048763401668030948e-01
-1.000000000000000000e+00
-7.930306343693539484e-01
-1.000000000000000000e+00
5.404261841105093556e-01
9.348678190965518109e-01
-3.229016258218111446e-01
-1.000000000000000000e+00
-5.061635136521742684e-01
-1.000000000000000000e+00
6.971712978890768353e-01
1.000000000000000000e+00
-4.136415442182529434e-01
-1.000000000000000000e+00
4.023874249096497380e-01
-1.000000000000000000e+00
-2.338074688746650809e-01
6.623217096091699174e-01
-5.495455393340742400e-01
6.849354734542829615e-01
1.000000000000000000e+00
7.421004370612747092e-01
-1.000000000000000000e+00
-6.285787050445179602e-01
5.721635729146524740e-01
1.685302451831002801e-01
1.000000000000000000e+00
7.146838071261218950e-02
1.000000000000000000e+00
4.934211434776265559e-01
4.072586810622366160e-01
-4.721706608146484241e-01
