-2.748657146676309893e-01
1.000000000000000000e+00
-4.793054095022473704e-01
8.883055895943574587e-01
-1.000000000000000000e+00
9.210566639749359075e-01
1.000000000000000000e+00
-3.775112903749915372e-01
-1.000000000000000000e+00
-1.000000000000000000e+00
9.425731173608468128e-01
-1.000000000000000000e+00
-7.320049605390543945e-02
1.000000000000000000e+00
6.980972229821686970e-01
1.000000000000000000e+00
-1.000000000000000000e+00
1.000000000000000000e+00
1.000000000000000000e+00
1.000000000000000000e+00
1.000000000000000000e+00
1.000000000000000000e+00
1.000000000000000000e+00
1.000000000000000000e+00
1.000000000000000000e+00
8.303370899869957356e-01
1.000000000000000000e+00
5.650918941743696688e-01
9.343214187060069342e-01
-1.000000000000000000e+00
9.180197905225915278e-01
9.483515849407427867e-01
1.000000000000000000e+00
1.000000000000000000e+00
-1.000000000000000000e+00
1.000000000000000000e+00
-1.606317371350495238e-01
1.000000000000000000e+00
1.000000000000000000e+00
1.000000000000000000e+00
1.000000000000000000e+00
-6.629797118139196810e-01
1.000000000000000000e+00
-4.614455797629773981e-01
1.000000000000000000e+00
1.000000000000000000e+00
-1.000000000000000000e+00
-8.761207166680088365e-01
-2.668329186106784823e-01
4.877948996442244001e-01
-1.000000000000000000e+00
-1.000000000000000000e+00
1.000000000000000000e+00
-1.000000000000000000e+00
-1.000000000000000000e+00
-4.204309485134536395e-01
9.700772202169627434e-01
5.589298434248536340e-01
8.645930529375129847e-01
2.134660322361413565e-01
-1.000000000000000000e+00
1.000000000000000000e+00
-1.000000000000000000e+00
-1.000000000000000000e+00
1.000000000000000000e+00
-1.000000000000000000e+00
-3.791557630858213845e-01
-1.000000000000000000e+00
-1.000000000000000000e+00
-1.000000000000000000e+00
5.198791513000265985e-01
-1.646073147009036175e-01
2.229073343830284548e-02
3.715974841415208285e-01
-1.981031357009030991e-01
-7.501743885008721469e-02
1.000000000000000000e+00
-1.000000000000000000e+00
8.300717539199914397e-02
-9.668409917272473564e-01
-1.000000000000000000e+00
1.000000000000000000e+00
1.000000000000000000e+00
-8.148684605768417022e-01
9.808529005295630876e-01
1.000000000000000000e+00
1.000000000000000000e+00
-1.000000000000000000e+00
1.783432696598822309e-01
-1.000000000000000000e+00
7.367541480951264043e-01
-2.069244894638888610e-01
-1.000000000000000000e+00
4.059276335163490845e-01
-9.668981145063808569e-01
-7.498061296350519989e-01
8.037859851703001990e-01
-1.000000000000000000e+00
-9.535106977990558397e-01
1.000000000000000000e+00
-9.361213329625581725e-01
1.000000000000000000e+00
-6.434180669631648364e-01
1.000000000000000000e+00
-3.901931339060348281e-01
9.292509327735581914e-01
1.000000000000000000e+00
1.000000000000000000e+00
-1.000000000000000000e+00
1.000000000000000000e+00
-1.644678693077969989e-01
-1.000000000000000000e+00
1.000000000000000000e+00
-7.977761762100727960e-01
-1.000000000000000000e+00
-2.214717288037647558e-01
-1.000000000000000000e+00
1.676478891592316778e-01
8.059476170276491658e-02
-5.166005001425881815e-01
-1.000000000000000000e+00
1.000000000000000000e+00
1.000000000000000000e+00
5.285857407808045583e-01
-1.000000000000000000e+00
-9.792333064989111602e-02
-7.880340879490487227e-01
1.000000000000000000e+00
-6.484580652074745100e-02
8.035237788869303843e-01
1.000000000000000000e+00
-4.799106083346794671e-01
-1.896159913536121788e-02
-1.000000000000000000e+00
-3.068082888274126230e-01
9.374177469490412307e-01
-1.000000000000000000e+00
1.000000000000000000e+00
1.000000000000000000e+00
1.000000000000000000e+00
-3.244581109133953811e-01
-2.841710830757682160e-04
-1.000000000000000000e+00
8.254490076339471294e-01
-1.000000000000000000e+00
-7.700655701576143430e-01
-4.745437498792001163e-01
-5.132878108229407266e-01
1.000000000000000000e+00
-1.000000000000000000e+00
-1.000000000000000000e+00
-1.000000000000000000e+00
1.000000000000000000e+00
-5.301211158696976788e-01
1.000000000000000000e+00
1.000000000000000000e+00
1.000000000000000000e+00
-1.000000000000000000e+00
1.000000000000000000e+00
1.000000000000000000e+00
-6.671569133013943720e-01
1.000000000000000000e+00
-1.000000000000000000e+00
-1.000000000000000000e+00
1.000000000000000000e+00
1.000000000000000000e+00
-5.452306784463003542e-01
-5.264915788180133394e-01
-1.000000000000000000e+00
9.627244122096514367e-01
1.000000000000000000e+00
-1.000000000000000000e+00
3.771131532408508180e-01
-3.338266788674981722e-02
-1.000000000000000000e+00
5.557135346747793525e-01
-6.687825100717649240e-01
5.583429481123046711e-01
-1.000000000000000000e+00
1.000000000000000000e+00
1.000000000000000000e+00
-8.642852587743645731e-01
-7.332164251452795156e-01
-4.232162591769456084e-01
-1.000000000000000000e+00
1.000000000000000000e+00
-6.999178915222413755e-01
-5.465920827602293031e-01
8.581392446845140243e-02
-7.342244143190399530e-01
-8.843981988484048706e-01
5.405344665234063095e-01
-2.213732635189490927e-01
1.000000000000000000e+00
-1.000000000000000000e+00
-1.000000000000000000e+00
-3.418165043318659446e-01
-1.000000000000000000e+00
6.051578188328696761e-01
7.752917515615747046e-01
3.858561379571081584e-01
-1.000000000000000000e+00
1.000000000000000000e+00
-1.000000000000000000e+00
3.213996830131538029e-02
1.000000000000000000e+00
-1.000000000000000000e+00
7.757714514834371800e-01
-1.000000000000000000e+00
5.163604196863396112e-01
3.540062667750610292e-01
1.000000000000000000e+00
1.000000000000000000e+00
1.000000000000000000e+00
1.000000000000000000e+00
-1.000000000000000000e+00
-3.288062458702794566e-01
-1.000000000000000000e+00
-6.481283842717106003e-01
3.408854816718645542e-01
-4.223391729285302931e-02
-4.004075011653511762e-01
1.000000000000000000e+00
-2.676056194509893738e-01
-7.117136348799385503e-02
4.786496815297627272e-01
1.000000000000000000e+00
-1.000000000000000000e+00
5.938738226032712619e-01
-1.000000000000000000e+00
4.044693533857695034e-01
-1.000000000000000000e+00
1.000000000000000000e+00
-1.000000000000000000e+00
1.000000000000000000e+00
-9.172463646693140848e-01
-1.000000000000000000e+00
-1.000000000000000000e+00
-8.657868308673948299e-01
-2.947999612155366433e-01
-1.000000000000000000e+00
-7.223814217763181444e-01
-7.760682317250870987e-01
2.403361935406383987e-01
1.000000000000000000e+00
-1.000000000000000000e+00
-1.000000000000000000e+00
1.000000000000000000e+00
1.000000000000000000e+00
8.900630171025367687e-01
9.543596900367752323e-01
-1.000000000000000000e+00
-1.085013605225065153e-01
-9.130099369345100468e-01
-6.214696871187639360e-01
-4.920941772304763262e-01
2.643104782661710450e-01
-1.000000000000000000e+00
4.230344753805319602e-01
-1.000000000000000000e+00
8.695680434310324447e-01
8.303918700485386495e-01
-1.000000000000000000e+00
2.852132904063676699e-01
1.000000000000000000e+00
