-6.875149309733529224e-01
-2.619499005571900296e-01
-1.000000000000000000e+00
1.000000000000000000e+00
-2.773860714332759825e-01
1.000000000000000000e+00
5.418372085726668175e-01
-1.000000000000000000e+00
1.000000000000000000e+00
-1.000000000000000000e+00
-1.192602824954375751e-01
1.000000000000000000e+00
-9.578476371355127972e-01
-9.073413545864186247e-01
6.448404872675728150e-01
1.000000000000000000e+00
1.926440465705998584e-01
8.069347592744160469e-01
9.064983048652534015e-01
1.000000000000000000e+00
-7.221670968029093585e-01
6.695312289159844887e-01
-4.433977412088641046e-01
1.000000000000000000e+00
-6.492641960813971824e-01
-9.566609436568714875e-01
2.869016742993836244e-01
1.000000000000000000e+00
-1.000000000000000000e+00
-2.703692434188937899e-01
1.000000000000000000e+00
-1.000000000000000000e+00
6.693414574240750259e-01
-5.913973029403922776e-01
1.055235515329109308e-01
-1.000000000000000000e+00
-1.000000000000000000e+00
-1.000000000000000000e+00
-1.000000000000000000e+00
1.000000000000000000e+00
-1.000000000000000000e+00
4.257355929397196870e-01
1.000000000000000000e+00
-2.623820008562703920e-01
-1.000000000000000000e+00
1.000000000000000000e+00
1.000000000000000000e+00
-9.382787850864217072e-01
2.638412377533425612e-01
-3.479504754790949117e-01
-1.000000000000000000e+00
-1.000000000000000000e+00
3.098798485470919406e-01
-6.861005811613296590e-01
1.000000000000000000e+00
-3.557343336689786639e-01
4.593989819300207667e-01
1.000000000000000000e+00
-1.000000000000000000e+00
-1.000000000000000000e+00
5.920353091122289024e-01
2.261772997288994946e-01
2.426040577226642458e-01
6.940485040207837741e-01
1.000000000000000000e+00
6.637112874843482668e-01
-1.000000000000000000e+00
-8.803121168828101362e-02
-6.003538948131361686e-01
-1.000000000000000000e+00
1.000000000000000000e+00
-9.742238892995058741e-01
1.000000000000000000e+00
5.351680140799575103e-01
3.771879522127570827e-01
1.000000000000000000e+00
-1.000000000000000000e+00
1.181009727172013524e-01
1.000000000000000000e+00
5.317703035691666580e-01
-1.000000000000000000e+00
-1.000000000000000000e+00
-4.631267267273715404e-01
-1.091977587421102958e-01
2.752493649491529748e-01
2.321745328559324806e-01
1.000000000000000000e+00
-1.000000000000000000e+00
-1.000000000000000000e+00
4.359970211304638465e-01
3.059045158571397360e-01
-1.000000000000000000e+00
1.000000000000000000e+00
8.796518804831698901e-01
1.000000000000000000e+00
-1.000000000000000000e+00
8.664687741635945795e-02
-1.000000000000000000e+00
-1.000000000000000000e+00
-7.420028092763480965e-02
1.900633854419231383e-02
-1.000000000000000000e+00
2.606834520496827956e-01
-8.108720646303189117e-01
-1.000000000000000000e+00
6.210951763805969694e-01
-1.000000000000000000e+00
1.000000000000000000e+00
-1.922252929688844647e-01
-1.000000000000000000e+00
-1.000000000000000000e+00
-6.125081760035127054e-01
1.000000000000000000e+00
-1.000000000000000000e+00
-8.692153748813613579e-01
-1.000000000000000000e+00
-1.290446761990077240e-01
-1.000000000000000000e+00
-7.191132317106432303e-01
-2.131331838228220921e-01
-4.745993997651354324e-03
-6.845724376268907951e-01
3.520887833414259038e-01
-2.172024916606319911e-01
3.979857872327040025e-01
1.000000000000000000e+00
-1.000000000000000000e+00
7.844834044564823472e-01
8.234285884205866379e-02
-1.769263143203289035e-01
8.644399734387616663e-01
-2.247292683027917182e-01
-1.000000000000000000e+00
-1.000000000000000000e+00
7.046540250591648569e-01
-1.000000000000000000e+00
-1.000000000000000000e+00
-1.000000000000000000e+00
-1.000000000000000000e+00
-7.757923669556057167e-01
-1.000000000000000000e+00
-2.505890689683699102e-01
8.396526243630169084e-01
-1.000000000000000000e+00
-1.000000000000000000e+00
-2.911793839446630283e-02
-5.127294694129401753e-01
1.000000000000000000e+00
9.728849367832764772e-01
-4.305161326959252577e-01
1.589125616816931541e-01
-9.929355222608710063e-01
1.000000000000000000e+00
-5.372828695350463368e-01
1.000000000000000000e+00
-6.576972648923729015e-01
-1.236076174524249893e-01
1.188308981638728223e-01
-1.000000000000000000e+00
6.096036547428105301e-01
1.000000000000000000e+00
1.000000000000000000e+00
-3.537335641119199181e-01
1.000000000000000000e+00
1.000000000000000000e+00
-1.000000000000000000e+00
-2.198001847628650030e-01
-8.822770700868224347e-01
-1.000000000000000000e+00
1.797526714306864615e-01
-3.121406660528855959e-01
-2.435656631646244130e-01
-7.287151119768320306e-02
3.251021453267977090e-02
1.000000000000000000e+00
6.240116351473947720e-01
6.091217782264926051e-01
-1.000000000000000000e+00
-1.000000000000000000e+00
1.000000000000000000e+00
-8.012443678791857371e-01
-1.000000000000000000e+00
1.000000000000000000e+00
-6.489582614226370172e-01
-8.204070938939733715e-02
-7.643298816765764503e-02
-1.000000000000000000e+00
8.441935475260409216e-02
-1.000000000000000000e+00
-9.269954714416447361e-01
2.241502949695106661e-01
1.000000000000000000e+00
5.431289506073485596e-01
1.000000000000000000e+00
6.273882416294860320e-01
-5.729837424089050391e-01
3.989284854348733589e-01
-3.606798777583070659e-01
2.304152294097617237e-01
9.539258732040210020e-01
-6.516053656646065839e-01
2.886356175028054194e-01
5.215272598842231044e-01
1.407935611125928355e-01
1.000000000000000000e+00
6.692879892518566187e-01
7.776993039670236918e-01
-5.527823493295371815e-01
-7.439262770804159208e-01
1.000000000000000000e+00
-1.000000000000000000e+00
9.393574194462197546e-01
1.000000000000000000e+00
-2.311980518941263718e-01
5.315661914625999795e-01
2.073274360410271022e-03
1.000000000000000000e+00
-9.193392325884421901e-01
1.000000000000000000e+00
-1.000000000000000000e+00
1.000000000000000000e+00
1.000000000000000000e+00
-9.569283477990085940e-01
-6.205733262303512188e-01
1.891355797373306113e-01
-1.000000000000000000e+00
-7.768416858023344806e-01
-1.750884085585938665e-01
-4.493637814579867218e-01
-3.231797736800253174e-01
1.000000000000000000e+00
-8.143224548320843192e-01
-5.378236475285590457e-01
-7.147140599589385523e-01
1.298473239661230849e-01
-8.720885105586387853e-01
-1.000000000000000000e+00
1.000000000000000000e+00
1.000000000000000000e+00
9.828218311836570131e-02
1.000000000000000000e+00
7.017127319968088361e-01
-1.000000000000000000e+00
5.376687833873127209e-01
-2.966546614616563660e-01
-1.703698351161860858e-01
-1.000000000000000000e+00
-1.567136686168701942e-02
-7.856797189581934404e-01
-4.081190796397805576e-01
1.000000000000000000e+00
-9.496403998994736861e-01
1.000000000000000000e+00
1.000000000000000000e+00
-4.531643455627984984e-01
1.000000000000000000e+00
1.000000000000000000e+00
-1.000000000000000000e+00
3.977648312122863405e-01
1.000000000000000000e+00
-1.000000000000000000e+00
1.000000000000000000e+00
1.000000000000000000e+00
-1.000000000000000000e+00
-1.000000000000000000e+00
