2.689776324986529743e-01
-7.103213091553055580e-01
7.988821408841257909e-01
9.771750969514443330e-01
1.258843687971265557e-01
5.726671233742517408e-01
-2.177805860903735957e-01
-1.781835378521161029e-01
-7.609239823220033117e-01
-6.866364480307866058e-01
-5.645202454656420565e-01
-7.041052929343897260e-01
-4.800141024967907177e-01
-2.561264551534283007e-01
7.561695504047815097e-01
-7.327762036551415115e-01
-9.887508474999768815e-01
8.682900110121496984e-02
-8.519757772709780630e-01
-5.399986582459641582e-01
9.568304459116186989e-01
-9.888781027662240097e-01
-2.168439687014507011e-01
-5.352363448057619877e-01
2.650564439077428558e-01
2.173575003263511843e-02
-7.296389043812101516e-01
-8.502074352568829152e-01
-4.604580209708437621e-01
1.998465675970099165e-01
9.854712401437590863e-01
8.545701321607748202e-01
1.432956360653389605e-01
-9.153683018371475133e-02
9.494310411880542144e-01
9.999989908012441031e-01
-6.493920388293756840e-01
-5.870924163059558776e-01
1.203218134696732167e-01
1.000000000000000000e+00
-8.544020679063757395e-01
-9.967794485298638874e-01
-9.975696429696843115e-01
8.489714693506313914e-01
4.908946834780492097e-01
-6.305410106682116655e-01
3.857933791242170174e-01
-1.992943124503582242e-01
8.890273821586722747e-01
1.000000000000000000e+00
-1.249053503417351940e-01
-5.481708103561031553e-01
-8.874697240130939857e-01
-1.070512539200065422e-01
3.562076973857250528e-01
-1.937386526589765789e-01
8.370165477361413142e-01
8.807139549756609620e-01
-6.498433230175288955e-01
-5.896977015829530933e-01
-1.639777137007238095e-01
3.823212885203340350e-01
3.967660496396406833e-01
7.188663320381814825e-02
1.685365999762973577e-02
-5.977086864915299724e-01
5.608098328524133147e-02
4.654481836431979547e-01
-9.911730227241319913e-01
9.979070941733575451e-01
-9.374387381215307791e-01
1.326187205581422918e-02
-1.000000000000000000e+00
7.353452060931515710e-01
9.966387397004958792e-01
1.000000000000000000e+00
3.039755106528774786e-01
6.881208466739361373e-01
-8.417198302496367579e-02
1.000000000000000000e+00
-2.184985289504362549e-01
3.500824605989982796e-01
3.566307525492173336e-01
-8.010092912937447629e-01
6.089178650652982139e-01
9.998228922018562725e-01
-8.407822980470518459e-01
-1.850873760955408787e-01
9.865080827551530041e-01
6.425553708062674563e-01
9.965404951454351901e-01
-8.074838390738194871e-01
1.712772013169438778e-01
1.591319885295461867e-01
-9.430266189926937992e-01
-1.643937577844177267e-01
9.281247841748656302e-02
2.004832654668994574e-01
3.448595729565254731e-01
2.861903970875835923e-01
-2.477565132786201454e-02
1.083154801242114038e-02
-1.000000000000000000e+00
-9.223373884550882806e-01
-4.208530493426946295e-01
-3.017400251945956402e-01
6.154531521942905314e-01
8.680993914473973394e-01
-4.965039186400060922e-01
5.853465493394932606e-01
-9.122340672282788221e-01
-4.850437074017033834e-01
2.430915205367649157e-01
-9.840282434257093813e-01
-5.912979705212382253e-01
-2.560200284673880833e-01
-9.991074379102713454e-01
-5.394336646770603316e-01
-8.243679545516846563e-01
5.370381258701225624e-01
-1.104749345434053315e-01
8.948119031919399280e-01
-2.624831835538566360e-01
-9.955251123949236947e-01
-9.525954476068942967e-01
-6.856152778162363237e-01
-9.265368836031251387e-01
1.089733035987039550e-01
7.367583953207399450e-01
-3.638649921404797372e-01
-5.721400738919248108e-02
3.955202252777914596e-02
9.999288842525004828e-01
-4.579036573560169021e-01
7.178281962326553689e-01
-1.897790532375056016e-01
-9.314899979806541275e-01
-2.264212910336488860e-01
2.950255759692992363e-01
-6.429180069196408498e-01
-8.340849005884895528e-02
-9.905402754316288139e-01
9.929907695952233659e-01
-2.294171034171495552e-02
1.318444064255969161e-01
7.833030600729393722e-01
8.335833943746543406e-01
5.227943714927270058e-01
-9.983448542542336934e-01
-7.628107921441156236e-01
-1.723814502353865352e-01
9.751164422153824063e-01
-6.293775479562879749e-01
-9.981949144078130498e-01
-8.675601474453946693e-01
-8.758472418898437528e-01
1.842792565784723002e-01
4.508829679112330013e-01
6.759391192121599889e-01
-6.721311012601731694e-01
-1.232533406095445150e-01
-9.233893807181666746e-01
-9.161893027115204369e-01
1.071560727997565160e-01
-9.901969479896434168e-01
-5.915073638534162903e-02
3.252062161253056471e-01
9.957729159162987953e-01
-5.700634012318173127e-01
-7.322058621097242703e-01
7.915765637418046285e-01
-9.954242317468671164e-01
-8.611789233282580724e-01
7.726715433666260235e-01
5.947546748047923826e-01
3.496684339594183927e-02
6.755754125796672449e-01
7.285346563024197586e-01
2.265605829887664124e-01
9.999731537366003398e-01
9.975899666572922708e-01
1.600659185077986935e-01
9.145377289126503939e-01
-6.754150472877504807e-01
-1.000000000000000000e+00
1.000000000000000000e+00
5.265735543912795080e-01
-5.585638743542762352e-01
-6.278771976541581701e-01
-2.086118871389978924e-01
3.119962591808890240e-01
7.333506564435959829e-01
6.647349642705653594e-02
2.631413402614495300e-01
-1.792468189956163416e-01
-1.000000000000000000e+00
-9.703612194248301820e-03
2.005005931984435788e-02
-1.728839672543122929e-01
-4.486444800681452794e-01
9.996461420063293968e-01
-9.997173156799736837e-01
7.114601433426366306e-01
-8.935031825958269502e-01
9.999939734882404840e-01
-2.890672683437636170e-01
9.398918404411915617e-01
6.134854983610277257e-01
-9.888647785711367488e-01
8.322458507276215833e-01
9.966685278360156719e-01
-3.516827736515368841e-01
3.889678476905562565e-01
9.518661863101685050e-01
-7.215278070840512870e-01
-9.989991315022245244e-01
-7.927672837919321758e-01
1.120012811068868686e-01
7.825810402500872620e-02
-1.291142053073457419e-01
4.546688946890527494e-01
-5.752767923841055620e-01
-6.504223919789209329e-01
7.838942663563588376e-01
-4.060254289683337126e-01
-5.210688304384891723e-01
2.390247632004537381e-01
8.055776195099466630e-01
1.785403483169719918e-01
9.915759924750284782e-01
9.810447189311990446e-01
7.707704930849639258e-01
-2.128835225850768398e-01
3.636932847149257908e-01
4.241147070828476529e-01
-9.737331765026500108e-01
6.448949201160647515e-01
8.790616189351320442e-02
-9.737341940195003431e-01
9.999228719448285396e-01
-1.091335027392258683e-01
-2.367271010211252635e-01
4.769969952409263136e-01
-9.961521944149038799e-01
2.493164768843468826e-01
-9.998632728461336328e-01
-2.716714880310501859e-03
-5.805996875318202299e-01
-8.452479752912795963e-01
-4.237220023963611526e-01
6.801188451693700454e-01
5.821775353548632737e-01
5.210613733721973784e-01
8.902531092254797329e-01
8.400452912872092837e-01
5.700169517372339900e-01
5.652369780496889762e-01
2.809792999297305860e-01
7.738917138643073290e-01
-9.401326925163682180e-01
3.121642189875480089e-02
1.611553495520155754e-01
2.459285936599092115e-01
3.947121982746644164e-01
9.843995412759453112e-01
