-1.000000000000000000e+00
-1.698112612490228490e-01
-1.000000000000000000e+00
-5.459407493664569788e-01
2.438083864722884186e-02
-1.000000000000000000e+00
2.206213427364752677e-01
-2.900075036551493790e-01
4.021638518049663880e-01
1.453169538701994390e-01
1.000000000000000000e+00
1.000000000000000000e+00
-3.842769155470365794e-01
1.000000000000000000e+00
4.204635458735673237e-01
3.139924338086730327e-02
-1.000000000000000000e+00
-1.830637675689233967e-01
1.133091977552566076e-01
8.381585485388782786e-01
1.000000000000000000e+00
6.959403706913809273e-01
-1.000000000000000000e+00
-1.163533939689003482e-01
3.892315186417031336e-01
-3.403682309311367726e-01
-4.951562499338173495e-01
6.361788452002339334e-01
-1.000000000000000000e+00
-1.000000000000000000e+00
1.000000000000000000e+00
2.342190055037698393e-01
-3.019329806163769669e-01
8.051445184326526672e-01
-8.256699959213020801e-01
-5.690373810205866523e-01
5.025664205487141434e-01
-3.270810966746290349e-02
-4.346293896701049486e-01
-4.651551831059720366e-01
4.733867035246183130e-01
-1.679837127550098952e-03
9.042701342369707795e-01
1.396229390938077963e-01
-3.723069249763593103e-01
4.683292250671952095e-01
-2.270012962150778635e-01
-1.000000000000000000e+00
8.722329090011791131e-01
-4.476740068498003544e-01
-1.000000000000000000e+00
-8.560061561541856268e-01
-1.000000000000000000e+00
5.655802124925458640e-01
-3.287238438869035662e-01
-2.660370975314857445e-01
-4.614375999079932122e-01
-7.608150785540057637e-03
4.600494508320128739e-01
-8.485915546357731820e-01
1.000000000000000000e+00
1.653125251478791413e-01
-5.488595051955872384e-01
-1.000000000000000000e+00
1.733449049642619144e-01
-5.258528230936944103e-01
-1.000000000000000000e+00
9.485112523731464851e-01
-3.258918584066756718e-01
-8.452963448824959425e-01
-3.725935008508407531e-01
-5.039108012336674935e-01
-1.000000000000000000e+00
1.000000000000000000e+00
-8.065916133186291637e-01
-3.879325191986661148e-01
1.936177949618603789e-01
-1.883471093585740441e-01
2.908189663683844461e-01
-1.000000000000000000e+00
-4.476924232182400432e-01
-9.115790239190236788e-01
-3.484257115012167061e-01
1.000000000000000000e+00
-1.000000000000000000e+00
-1.751154062157392888e-01
-3.756040483168843203e-02
-8.280839680472298348e-01
-9.432058750960887750e-01
1.000000000000000000e+00
1.478434983088380283e-01
8.498261990835009883e-01
-1.000000000000000000e+00
1.237960923466840113e-01
3.103680831934019224e-01
1.000000000000000000e+00
2.421159469086046068e-01
-7.719808517515460711e-01
7.613393325518391652e-02
3.721234420418672584e-01
-6.284303611930658340e-01
3.273060808363860708e-01
-6.393778476185374426e-02
-7.012700032920081705e-01
1.000000000000000000e+00
5.652282981502952941e-01
-6.343824815472751677e-01
-1.000000000000000000e+00
-5.560030051754600855e-01
-1.267890503276528080e-01
6.020578540259287070e-01
-9.754581804005484358e-01
-9.510690979495324271e-01
1.000000000000000000e+00
-5.718123823358867153e-01
1.000000000000000000e+00
-1.000000000000000000e+00
-2.169392873562331625e-01
-9.456529749170226040e-01
1.000000000000000000e+00
-6.008883355286669392e-01
3.228320805068124466e-01
1.000000000000000000e+00
-1.000000000000000000e+00
8.548849146770924889e-01
-1.000000000000000000e+00
9.552270034958536549e-01
-2.211874893528831265e-02
8.330202103492897470e-01
5.315565649336841947e-01
-5.973418602889000173e-01
-1.835301703516171168e-01
-3.290237640772977201e-01
6.106778901141896032e-01
-1.000000000000000000e+00
1.898639957847163551e-01
-9.953043191729364914e-01
-1.203774690384242785e-01
-8.776402318818870008e-01
1.000000000000000000e+00
9.361792967843574065e-02
2.320755121710782465e-02
-7.738447927273297555e-01
7.537311028802755608e-01
1.000000000000000000e+00
8.252049348824058717e-01
7.717455865066367160e-01
8.809429052209007960e-01
2.129139336775459634e-01
-4.310431696480966357e-01
8.609343476378658044e-01
-1.000000000000000000e+00
-2.650037456954861259e-01
4.273745730301401480e-01
8.514502512662139866e-01
-5.009473835723008417e-01
-3.492715867543719765e-01
-9.913602322971386549e-01
-2.269804443930316662e-01
-9.924445261188574730e-02
-1.000000000000000000e+00
-9.160967031115747616e-01
-1.000000000000000000e+00
-3.986856234412077815e-01
7.384841255933383142e-01
-1.697731651092705407e-01
1.000000000000000000e+00
4.574624839766243123e-01
1.000000000000000000e+00
-3.834274204880965820e-01
1.000000000000000000e+00
7.014284195279016920e-01
1.000000000000000000e+00
-4.156108885438437595e-01
-7.025469342303704012e-01
-1.000000000000000000e+00
5.328379569760282042e-01
-1.712856282282109732e-01
-1.311271967747727196e-01
5.375132587780760973e-01
-1.067602691119886038e-01
-5.221231417087326410e-01
-1.290562508965813482e-01
1.000000000000000000e+00
-3.184021890672993904e-01
1.195758591324347364e-01
-1.000000000000000000e+00
-1.000000000000000000e+00
1.000000000000000000e+00
-7.621648236741969118e-01
-1.000000000000000000e+00
-1.000000000000000000e+00
4.467004803884166986e-02
-9.442285601735724843e-01
2.611812907123756133e-02
-1.633097479313397327e-01
-5.662052734949487576e-01
-5.604295624421982147e-01
7.409648621986937300e-01
-5.558582621802985457e-01
1.000000000000000000e+00
-1.000000000000000000e+00
-9.138908356429303881e-01
-9.138911963299148900e-01
-1.000000000000000000e+00
-1.000000000000000000e+00
-7.955408715187325397e-01
-6.647083685679522347e-01
2.466679052748953493e-01
-3.147949699311647365e-03
-9.598043476436888266e-01
1.000000000000000000e+00
1.000000000000000000e+00
7.794703583281086257e-01
-1.000000000000000000e+00
-5.288885202233813976e-01
-8.545695146175698031e-01
-2.191769102213347864e-02
1.000000000000000000e+00
8.188130930271007024e-01
2.874202776584858787e-01
-8.014787846087466638e-01
1.344713793002763058e-01
3.590085084422450779e-01
1.000000000000000000e+00
-1.627515444207309203e-01
-1.000000000000000000e+00
8.451045462869832825e-01
-4.687844468425219624e-01
-7.501016288423615341e-01
9.901560932835237194e-01
-3.176198748348531553e-01
-1.000000000000000000e+00
2.046417782144984709e-01
1.000000000000000000e+00
-1.000000000000000000e+00
-1.147825020592463940e-01
5.228966382363591237e-01
-1.000000000000000000e+00
2.982212124628237926e-01
1.000000000000000000e+00
-6.140414092077397523e-01
1.000000000000000000e+00
-6.353977996580131293e-01
6.183312846034766386e-01
2.745102564516014310e-01
-3.789285788697061563e-01
-5.569879567289972577e-01
5.778118651438635123e-02
6.584002990790416288e-02
7.917390097867454957e-01
-1.000000000000000000e+00
-1.658593673536551405e-02
-5.498040561443122698e-01
8.869177424705914081e-01
7.484714060421995274e-01
-1.921427715803000758e-02
-8.484711991045211787e-01
-2.874015868854432054e-01
1.000000000000000000e+00
-1.000000000000000000e+00
-1.000000000000000000e+00
1.000000000000000000e+00
1.001673803971958598e-02
1.000000000000000000e+00
