1.289221285380221516e-01
-1.000000000000000000e+00
-8.058379705019719230e-01
-1.000000000000000000e+00
9.318655101532691276e-02
-6.634228542775104653e-01
-1.000000000000000000e+00
-8.420059747151115159e-02
-4.348622698107176276e-01
-3.378547386682780873e-01
-1.000000000000000000e+00
-1.000000000000000000e+00
-1.000000000000000000e+00
-1.000000000000000000e+00
1.000000000000000000e+00
1.000000000000000000e+00
1.000000000000000000e+00
2.839555424866530009e-01
2.175135318640604165e-01
-3.797744926326316328e-01
-4.405454371387763635e-01
-7.324490425685924455e-01
-2.572588390820325088e-01
-3.026278523312070368e-01
4.019505124385357453e-01
3.453094106473967306e-01
-6.226546413914626488e-01
-7.113399421768333841e-01
2.059994413666889068e-01
-4.286747203066624823e-01
-1.000000000000000000e+00
2.876581088907825823e-01
1.802645217285463730e-01
8.325451589169466926e-01
-3.349851289331480242e-01
1.040895253279314758e-01
4.661201825107195162e-01
1.000000000000000000e+00
4.496189642848655854e-01
1.460393508796271056e-01
-1.124400731837560952e-01
1.000000000000000000e+00
-1.000000000000000000e+00
-4.828544200755345850e-01
6.300533643200235678e-01
3.022092618014470267e-01
-8.285134140937326919e-01
-1.000000000000000000e+00
9.137701452034124872e-01
1.000000000000000000e+00
1.000000000000000000e+00
3.955468970431333942e-01
-7.958947996383829437e-01
5.789931166589610267e-01
-1.423115956864575704e-01
2.345725766184968419e-01
7.543458181848092803e-01
-2.996889698645582856e-02
8.355665988954258383e-02
7.409182820039275086e-01
-6.202364530473141180e-01
-1.000000000000000000e+00
2.834642174814345772e-01
1.000000000000000000e+00
1.000000000000000000e+00
-4.453110122965984186e-01
5.267965135698714496e-01
-1.000000000000000000e+00
1.000000000000000000e+00
6.285551016894934673e-01
-1.000000000000000000e+00
-1.000000000000000000e+00
-5.271295596370167980e-01
1.000000000000000000e+00
-8.936651132036426137e-01
-1.000000000000000000e+00
-5.027186375876793178e-01
-4.877260797239003631e-01
-7.070627815350113976e-02
-2.902659550588678194e-01
-3.010436543604275150e-01
-1.000000000000000000e+00
1.000000000000000000e+00
-1.000000000000000000e+00
8.329217965092563514e-01
9.568052590115289080e-01
-1.000000000000000000e+00
1.000000000000000000e+00
-7.282261905005956715e-01
1.000000000000000000e+00
0.000000000000000000e+00
1.409031438077035236e-02
1.746641048242203453e-02
-1.000000000000000000e+00
-1.000000000000000000e+00
1.000000000000000000e+00
5.157774710805437257e-01
9.717687522211735374e-01
-5.789678696928849400e-01
1.000000000000000000e+00
-4.832422407546247412e-01
9.577168564984873678e-01
7.150174139606128021e-01
4.745776852353651432e-01
-1.000000000000000000e+00
3.320760060707728112e-01
8.062955687256290194e-01
4.269703818290979114e-01
-5.395022724118682111e-01
7.085997697797807859e-01
1.000000000000000000e+00
1.000000000000000000e+00
-1.000000000000000000e+00
2.366352413401882071e-01
-4.870877350576794940e-01
-8.500758540879000957e-01
-1.000000000000000000e+00
1.000000000000000000e+00
-4.236874276965261199e-01
-1.000000000000000000e+00
-1.000000000000000000e+00
9.706531327481616733e-01
-7.796945970470665621e-01
-1.413127930725799342e-01
9.502988020030421756e-01
9.195449255458143512e-02
3.271153614553178324e-01
-1.000000000000000000e+00
2.194536288879550545e-01
4.496828450367533758e-01
3.870298833414463902e-01
2.866890007116015271e-01
1.000000000000000000e+00
-1.000000000000000000e+00
8.821764392497422058e-01
1.000000000000000000e+00
7.926977328017688063e-01
-9.705703657540322160e-01
-1.000000000000000000e+00
-1.000000000000000000e+00
5.184790385685869030e-01
-4.467983554405836610e-01
-1.597556056316914996e-01
1.000000000000000000e+00
1.000000000000000000e+00
-6.115513300050245959e-02
-1.000000000000000000e+00
7.240613009166254610e-01
-8.630653151390667022e-01
2.510947538826733272e-01
-2.570172445935839933e-01
1.000000000000000000e+00
-8.127026903153609094e-01
7.607868580807916059e-01
-6.869687830660198280e-01
6.003797575214259163e-02
1.925230859330173683e-01
-4.859250102962181517e-02
-1.000000000000000000e+00
9.630506203705263557e-01
3.759951918056431142e-02
-7.264089184974701352e-01
-1.000000000000000000e+00
4.850785657537386997e-01
-1.000000000000000000e+00
-1.000000000000000000e+00
4.590186508965025669e-01
2.792091896632337145e-01
1.000000000000000000e+00
1.000000000000000000e+00
1.000000000000000000e+00
1.000000000000000000e+00
-1.000000000000000000e+00
0.000000000000000000e+00
1.000000000000000000e+00
-1.000000000000000000e+00
6.048640321666776121e-01
3.901452856607030562e-01
-1.424850761242507646e-02
9.426874754969092329e-01
-5.047536464207845741e-01
9.344064461976968605e-01
1.000000000000000000e+00
9.157857418399055760e-01
1.000000000000000000e+00
-1.000000000000000000e+00
-3.578720062185396511e-01
5.599670082508776403e-01
6.419158678766542225e-01
-1.000000000000000000e+00
4.748496669256025982e-01
2.373268591213095746e-01
-1.000000000000000000e+00
5.833832570428558739e-01
-9.837874136977827755e-01
1.000000000000000000e+00
-2.494699733875120895e-01
-6.562394775081235032e-01
4.777435205612579061e-02
-1.250032786372766713e-01
-1.000000000000000000e+00
-2.505084365912295663e-01
7.790930584201646303e-01
1.000000000000000000e+00
1.000000000000000000e+00
-1.000000000000000000e+00
7.810973928862590121e-01
5.848426628207454847e-01
-1.000000000000000000e+00
2.043433992019444978e-01
-1.000000000000000000e+00
1.000000000000000000e+00
-5.401881822923384480e-01
-1.000000000000000000e+00
1.000000000000000000e+00
5.340354427420139771e-01
1.000000000000000000e+00
1.000000000000000000e+00
-2.511426263345136745e-01
1.000000000000000000e+00
3.060230537342077950e-01
-4.070562228912499303e-01
1.000000000000000000e+00
1.000000000000000000e+00
-1.000000000000000000e+00
1.000000000000000000e+00
-3.537838187396304956e-01
-6.671642289659059921e-01
7.382942456354407712e-02
-1.000000000000000000e+00
-6.987784994977349617e-01
-7.445908675174688351e-01
-6.704258946620997861e-01
5.683246298128050711e-01
-4.517777043068389453e-01
1.080809394514403166e-01
5.521382911291277118e-01
1.000000000000000000e+00
5.768761211080956075e-01
-4.446948497100153830e-01
1.000000000000000000e+00
-9.549128071114947325e-01
-6.290896011936317755e-01
8.297714065524778304e-01
1.000000000000000000e+00
2.945085846128907558e-01
9.320339401988717576e-01
5.783419891710037675e-01
1.186135349533073979e-01
-6.374531752468892698e-01
1.000000000000000000e+00
6.602610762391641908e-01
7.187587611859674874e-01
6.868411718504071617e-01
1.000000000000000000e+00
5.504369829165363104e-01
-1.440236960475793637e-02
-3.560065041557657350e-01
-5.529203737020876863e-01
1.000000000000000000e+00
-5.522449840334912041e-01
9.321272155852214913e-01
8.443116428320082134e-01
5.289406970466358215e-01
-1.000000000000000000e+00
