-3.154787328047036765e-01
1.000000000000000000e+00
-7.551791239360473862e-02
-2.314463049429006936e-01
-7.091652989202839041e-01
9.797397422880609330e-01
4.668718556041445700e-02
-5.657737340674975357e-01
-5.429947330043056741e-01
2.606756271578840600e-01
-9.885605878099088528e-01
-1.331081948888035160e-01
5.246259687794214699e-01
-5.373409695427837640e-01
-8.532457151000236162e-02
1.237419384259968308e-01
-4.061501917300559539e-01
-8.214164792082493394e-01
-6.744197923647383686e-01
5.593274954196967297e-01
2.434792348822149011e-01
9.789671568756309616e-01
5.336504198544569366e-01
-6.660931651251713603e-01
-4.861277944160774522e-01
1.356066650554261233e-01
-8.078329639356611747e-01
-9.178517102471277500e-01
-9.686351042004583967e-01
1.000000000000000000e+00
-2.106008456928613604e-01
-7.990785954568370153e-01
-7.840202073704529706e-01
9.851306138737161433e-01
9.363943250199004975e-01
-1.000000000000000000e+00
-9.816629729530057524e-01
-7.661642947739706333e-01
-5.082763885497264544e-01
-8.418112195249092267e-01
9.722693714117616182e-01
5.510032718654324091e-01
5.821015327227809649e-03
8.412381693470768473e-01
-3.882783334945249382e-02
3.241554687479750729e-01
6.020766313120775592e-01
6.395759582859081305e-02
-9.164772192747224766e-01
-7.647738920442415100e-01
-2.602483201995674511e-01
-8.068373635289127765e-01
5.674297586800733928e-01
5.811464817022777840e-01
1.380628748403837092e-01
8.156080950659432005e-02
1.971708043760141971e-01
1.000000000000000000e+00
-6.012165910645534961e-01
-5.182105637869689474e-01
1.000000000000000000e+00
4.539698291249908424e-01
7.238849110802475506e-01
-1.000000000000000000e+00
-9.629113919299034929e-01
3.516670200848558414e-01
3.307924493793371057e-01
-8.538948189981945269e-01
-9.503509843840038940e-01
4.812254527628992418e-01
1.000000000000000000e+00
-3.983637984142682775e-01
1.019821683831214354e-01
-7.317445555835466742e-01
-4.170601162955673846e-01
-9.966399556429398343e-01
4.055519932346645096e-01
1.000000000000000000e+00
9.728397048661066027e-01
7.814631637510427442e-01
-7.633950382067029583e-01
-9.995451405589831362e-01
-9.896866430380804047e-01
1.000000000000000000e+00
-9.828058327917249537e-01
7.235398207210932409e-01
-1.467789535605765749e-01
8.000118451550239929e-01
-8.563275707080795218e-01
-1.000000000000000000e+00
-1.000000000000000000e+00
-2.236783407377567201e-01
-6.645938683792095292e-01
-1.000000000000000000e+00
1.000000000000000000e+00
1.000000000000000000e+00
1.000000000000000000e+00
2.141056315543519717e-01
-2.329596438696066585e-01
1.000000000000000000e+00
7.463615188846893789e-01
5.613807786376462383e-01
1.000000000000000000e+00
4.813592744906894372e-01
2.801990803036314426e-01
2.566638496062295105e-01
6.462936285246279056e-01
9.991050788800234228e-01
9.429432784851132787e-01
2.512051430509058547e-01
2.708810769062234836e-01
-5.188984166019274813e-01
2.139217092980370272e-01
6.384864563301994034e-01
-6.055637265118092305e-01
-3.339735335421331608e-02
9.732488206248071094e-01
7.934614659982514029e-01
3.364240022198300983e-01
-8.176851664798831520e-02
2.215740069598833850e-01
8.494360540120354797e-01
2.396455580809983554e-01
7.781545954382516062e-01
-6.270589656426555081e-01
-5.569791431297218542e-01
5.709707139409304633e-01
2.786603780906955485e-01
-3.974227799946701278e-01
6.219102767917807917e-01
9.272520563984245623e-01
-2.725344608619303388e-01
9.984161384706070619e-01
-2.655255167003902628e-01
4.861322710050312024e-01
9.787984973140754219e-01
2.516611022367368777e-01
9.748043701860522603e-01
-1.460862688630026329e-01
6.008750934429557544e-01
1.000000000000000000e+00
-8.450274566734015114e-01
-8.610373837642292250e-01
9.969397172722126443e-01
-9.967337164405418726e-01
-4.832447484627947487e-01
9.983296491416038254e-01
-9.923916307595168629e-01
2.857566145141514635e-01
6.770731887754626310e-01
-1.165500241530188497e-01
-3.547148992065923268e-01
-9.847544982440514794e-01
9.760494973561155696e-01
-3.060290335839048748e-01
7.635295436831152083e-02
8.445605208048005685e-02
-5.996863034732913267e-01
6.884861637460966133e-01
1.185487686652230421e-01
-7.344651792388615652e-01
9.134711473176324037e-02
-6.511452376150266286e-01
3.915163321245109795e-01
-9.960582838193445809e-01
4.074087843381908325e-01
5.388483658792961872e-01
-2.945477294085389053e-01
9.996414873411192392e-01
-8.514461245227522568e-01
-1.000000000000000000e+00
-8.065069060043433824e-01
-6.844345234992138538e-02
1.000000000000000000e+00
-2.800708054761202326e-01
-1.000000000000000000e+00
5.367735407883731380e-01
-1.371548405011081551e-01
-5.907279627211321493e-01
-7.604714830291203764e-01
-2.985694726624186224e-01
1.291564769477294150e-01
-8.196504033434357517e-01
1.832062136288753473e-02
1.000000000000000000e+00
-1.616361277660206541e-01
-4.581690891385158948e-01
1.237836644708143197e-01
-5.404145740131158782e-01
-1.000000000000000000e+00
-4.578729266496117667e-01
-1.000000000000000000e+00
7.319831862692612878e-01
7.639145937523300622e-01
4.949365173305483312e-01
1.000000000000000000e+00
6.076212524501485301e-01
-1.501002455814584927e-02
-3.407436542258185375e-02
4.155700897543652683e-01
8.943114126566333866e-01
1.000000000000000000e+00
9.899337711920466187e-01
-1.483944387037332974e-02
8.743999246609494014e-01
1.075407701359494400e-01
9.457459092427302760e-01
7.904664612875292873e-01
4.573778773096584538e-02
-8.996525016875448477e-01
1.318795393670044169e-01
1.000000000000000000e+00
-1.357439804664560268e-01
-2.488366780691724234e-01
2.498086593424246049e-01
-6.590048724646747624e-01
-8.109139915523498887e-01
9.040493996403116128e-01
1.596545262447404689e-01
6.362848868353974119e-01
-6.852400270069067822e-01
-9.859198468034089391e-01
-4.482134269594054699e-01
-3.173640795020092886e-01
8.363246280541432043e-01
-9.604852962119361237e-01
-1.000000000000000000e+00
6.329024985117265301e-01
-5.752050810749292920e-02
9.989717165918758912e-01
-7.293832300900444654e-01
3.466126284855021722e-01
-7.300807346174786883e-01
8.350124993031873277e-01
8.143846638717185948e-01
6.531172543827379329e-01
6.435544505715964370e-01
-1.973014539287781810e-01
1.000000000000000000e+00
-8.011632051617243455e-01
7.196985970217681938e-01
-9.921714236789924701e-01
-4.395171551290310563e-01
7.499461834613883049e-01
5.006981928153893258e-02
2.267880358205317040e-02
5.022652846131410165e-01
9.086593250565638824e-01
9.976157417897837387e-01
1.000000000000000000e+00
9.795804311744851778e-02
4.677183175927524528e-01
3.801573319466575729e-01
8.224046087110520320e-02
1.137396713291638772e-01
1.000000000000000000e+00
-2.434649433969757193e-02
-5.208251070904447166e-01
3.358776733346754417e-01
1.000000000000000000e+00
5.942964439487291584e-01
1.042360571646520906e-01
9.203680035206431853e-01
-2.638434213121173544e-01
2.267756518310722336e-01
