-1.000000000000000000e+00
1.000000000000000000e+00
6.814451491429085461e-01
-8.642719348389683587e-01
4.010955311722780303e-01
-1.013755098732364024e-01
1.000000000000000000e+00
3.588932539318030468e-01
9.516775970772597404e-01
1.969665074144515415e-01
2.439904932951079131e-01
-1.000000000000000000e+00
6.259299815121286414e-01
5.597618341665111519e-01
4.376335393385217265e-01
-8.584969616665152348e-01
1.000000000000000000e+00
9.994495657343016592e-01
6.430358446026370745e-01
9.593866612637302893e-01
-7.975447704032829765e-01
4.973289235665719898e-01
-3.498714800411378834e-01
6.583594780485630960e-01
8.060291885887931329e-01
-4.856624243348661163e-01
7.775831754842322807e-01
-9.819869249988395499e-01
5.065560642042774564e-01
9.402567488438160481e-01
-1.000000000000000000e+00
4.891509580753587993e-01
2.653676125432202770e-02
5.150407226959000107e-02
1.932984136179216605e-01
-4.402166818893238354e-02
3.845980506875376070e-01
-2.281979873317666330e-01
-1.000000000000000000e+00
-5.170715076061618287e-01
6.093590733949134641e-01
7.601025723832386394e-01
6.012239501042115908e-02
-1.840545472846492614e-01
8.195970129467474719e-01
3.040801388119244719e-01
3.920745395690145019e-01
5.828419708564197554e-01
2.855083111894807235e-01
-5.589804134819658099e-01
2.545140069251434767e-01
9.495151002178278121e-01
-1.000000000000000000e+00
9.490192045946652666e-01
-7.759760095650776179e-01
9.563384305288173959e-01
9.693968621974156097e-01
8.892686706431229826e-01
2.585112503541172613e-01
3.858087813807450916e-01
7.253073188069715238e-01
9.348071208810539989e-01
-7.769750545348019788e-01
-4.856321696914226438e-01
-2.445697724429151121e-01
1.318250765181211148e-01
-5.967930916644533790e-01
8.074047921009193107e-01
7.524811300639590028e-01
1.718815913687599117e-02
9.464648411070256118e-02
-4.892545902474970676e-01
7.385941185768655215e-01
8.444749130378610413e-01
-8.115954242078508019e-01
-4.423672108880570830e-01
-3.830565615491277054e-01
1.000000000000000000e+00
5.068806340766172092e-01
7.424786136179353235e-01
0.000000000000000000e+00
-8.837813705634475214e-01
9.637450165297087867e-01
6.915325380903869501e-01
-5.390536155078686775e-01
-7.449466741498146360e-01
-5.754472758714980207e-01
-2.575085054451055067e-01
7.103042131697044903e-01
-9.756104647650012396e-01
-2.763385494079865778e-01
-3.091069005671304160e-01
8.325377087730095882e-03
-4.916033559950272469e-02
1.000000000000000000e+00
3.974143822502042012e-01
2.887661196928441587e-01
-5.932382536844906795e-01
1.592978139482949251e-01
-2.976729572930988388e-01
8.081073698099567881e-01
-7.212025150079903746e-01
1.832207253037740347e-01
-8.294910009563349895e-01
-7.222556744344021951e-01
9.642384820438468784e-01
-2.420973508958718101e-01
-1.000000000000000000e+00
-7.654266730604573077e-01
-8.681685824661232731e-01
5.713307390305255584e-02
5.335971454963256422e-01
-7.050232784699492772e-01
7.162769869844125559e-01
-6.938054899234704642e-01
-7.006960446109433693e-01
-4.878389792434854599e-01
9.024542619046574954e-01
6.494938810553029240e-01
-9.119998508961398853e-01
7.474436481627804163e-01
-1.000000000000000000e+00
1.000000000000000000e+00
9.675004207552486690e-01
-1.613916904122973950e-01
6.933825699398685760e-01
-6.893537971571201961e-01
-3.502140392226060772e-01
-9.728015138223390368e-01
-5.147849124923518094e-01
-1.263229583863256789e-02
-3.576270213962455813e-01
-1.761263702321113622e-01
5.871445950223446175e-01
-3.914210799739744617e-01
2.095796675861438807e-01
-1.978630276185294745e-01
1.707752233209105519e-01
5.826494314169183841e-01
-7.336055610062457433e-01
1.000000000000000000e+00
7.977815018836487138e-01
-1.000000000000000000e+00
-5.535071942290857860e-01
-3.994107751524809680e-01
-9.887997089750401036e-01
-1.000000000000000000e+00
1.000000000000000000e+00
8.892844744628769504e-01
6.498257922073753523e-01
-4.328452784888731086e-01
-2.270983874244448808e-01
9.314047173632278298e-01
8.875388620981935484e-01
8.053845366952726570e-01
-5.049976578424931750e-01
-8.996690112555587593e-01
1.629322634154302119e-01
-7.809353434852734921e-01
-9.109345645909172617e-01
9.239425732815922387e-01
6.319028624631599644e-01
8.507601852944548515e-01
8.502737991604412127e-01
2.020204375805484398e-01
1.767808291038823754e-01
1.380485159258949546e-01
8.562529812419568120e-01
5.342838906735367654e-01
-1.000000000000000000e+00
9.044927216599121245e-01
6.127411981481782899e-01
-6.863829910718276528e-01
1.000000000000000000e+00
-9.708338391979671744e-01
7.690050531278800339e-01
1.000000000000000000e+00
1.976658154725399186e-01
-1.821169569754688133e-02
-5.962938583143773119e-01
-7.054292199620951775e-01
6.202227095263364021e-01
8.818740539718912252e-01
6.270135994995774675e-01
-3.751395226384625636e-01
-8.687829059898848350e-01
6.161036363424549078e-02
3.887566041373875514e-01
-4.369023152972240087e-01
-4.535415800829673549e-01
-5.206733136098413706e-01
-9.524467458537716480e-01
-7.439263955416410834e-01
1.592649342377407407e-01
9.760552841590167672e-01
-6.883484199205417431e-01
3.792308589355859461e-01
-8.336801391475971990e-01
-7.221104818259530544e-01
9.392743483490003653e-01
1.000000000000000000e+00
2.404749273060760029e-01
-8.413496012652523781e-01
5.761679388513213373e-01
-1.345787593356506662e-02
7.195912629514619185e-01
-7.529403709063640093e-01
7.830073200082502405e-01
6.692096425678801808e-01
9.838785752805651041e-02
-3.649046191738296585e-01
6.405700489094949823e-01
-1.000000000000000000e+00
7.850532412396185045e-01
3.608605269485629652e-01
-4.052013316075411264e-01
6.866159405127167936e-01
1.000000000000000000e+00
9.357763938449435992e-01
-8.825650192334850708e-01
-8.682994707665341316e-01
1.481768723684867561e-02
9.953655998602985999e-01
3.422800327162660028e-01
-2.317170939097168425e-02
-4.724167296413618322e-01
-7.777124164671973539e-01
5.544637439799193768e-01
5.157475206460561123e-01
-8.047613912972940708e-01
-9.466157248401195767e-01
-8.640716859936166117e-01
-3.978797626636147999e-01
9.764252035197376056e-01
8.080686314289460270e-01
6.690088001668976769e-01
1.000000000000000000e+00
-4.001792220259229871e-01
-5.945619503395905836e-01
1.000000000000000000e+00
-7.448939909727111397e-01
-6.362972984308354896e-01
3.868507195961099487e-01
1.000000000000000000e+00
-4.120291152524804268e-01
8.058842681471332092e-01
5.000000000000000000e-01
-5.681353975275781343e-01
8.766022304859414360e-01
-1.000000000000000000e+00
5.119055104975523962e-01
8.006431109959781800e-01
1.000000000000000000e+00
1.000000000000000000e+00
-1.000000000000000000e+00
7.801051290411864514e-01
1.000000000000000000e+00
-8.771282549726406863e-01
-4.142885754302652046e-01
-1.000000000000000000e+00
8.223047269060168585e-01
5.926104420913373971e-01
-5.099172859670889624e-01
6.773036484789135558e-01
4.990624125033256697e-01
