generation,best_fitness,mean_fitness,std_fitness
0,89.558539,5.200187,24.641536
1,89.558539,19.045823,34.05918
2,89.558539,32.733617,37.176375
3,90.653025,46.782366,36.398956
4,90.653025,57.068077,35.091691
5,90.653025,67.873413,30.83852
6,92.416695,76.927718,24.306563
7,92.416695,80.6321,20.334763
8,92.416695,82.397206,17.901548
9,92.416695,84.737216,12.709459
10,92.416695,85.48858,10.710783
11,92.416695,86.023584,9.804996
12,92.416695,86.51433,9.39369
13,92.416695,87.261198,6.732388
14,92.416695,87.96703,1.166417
15,92.416695,88.031126,1.190121
16,92.416695,88.12645,1.216456
17,92.416695,88.176561,1.21698
18,92.416695,88.261319,1.218386
19,92.416695,88.294231,1.232167
20,92.416695,88.344445,1.245993
21,92.416695,88.488755,1.244095
22,92.416695,88.584371,1.24238
23,92.416695,88.617034,1.241254
24,92.416695,88.641677,1.237335
25,92.416695,88.897884,1.225764
26,92.416695,88.939003,1.202788
27,92.492828,89.081628,1.189256
28,92.492828,89.124024,1.19036
29,92.492828,89.180837,1.159913
30,92.492828,89.234632,1.128668
31,92.492828,89.330491,1.05226
32,92.492828,89.440752,0.969453
33,92.492828,89.469971,0.982867
34,92.492828,89.550345,0.904079
35,92.492828,89.578189,0.872538
36,92.492828,89.616205,0.845731
37,92.492828,89.664047,0.816782
38,92.492828,89.707176,0.819958
39,92.492828,89.718541,0.821353
40,92.492828,89.721629,0.820545
41,92.492828,89.747817,0.777908
42,92.492828,89.76417,0.759617
43,92.492828,89.775027,0.757677
44,92.492828,89.790901,0.758211
45,92.492828,89.823279,0.740177
46,92.492828,89.832723,0.73575
47,92.492828,89.856904,0.750873
48,92.492828,89.887612,0.749239
49,92.492828,89.899414,0.744109
50,92.492828,89.921935,0.758044
51,92.492828,89.944708,0.757924
52,92.492828,89.962366,0.747198
53,92.492828,89.962958,0.746713
54,92.492828,89.963618,0.746449
55,92.492828,89.993192,0.769627
56,92.492828,90.011382,0.764652
57,92.492828,90.024859,0.764233
58,92.492828,90.064336,0.72709
59,92.492828,90.074508,0.729266
60,92.492828,90.076078,0.728605
61,92.492828,90.077878,0.7271
62,92.492828,90.089808,0.722542
63,92.492828,90.110637,0.695431
64,92.492828,90.128954,0.687109
65,92.492828,90.13216,0.685185
66,92.492828,90.145225,0.700362
67,92.792828,90.191158,0.745482
68,92.792828,90.210719,0.74736
69,92.792828,90.213595,0.746709
70,92.792828,90.221404,0.740476
71,92.792828,90.221404,0.740476
72,92.792828,90.230073,0.735644
73,92.792828,90.255289,0.730332
74,92.792828,90.256463,0.729289
75,92.792828,90.26159,0.73159
76,92.792828,90.270308,0.732486
77,92.792828,90.280984,0.745492
78,92.792828,90.283061,0.743185
79,93.736695,90.327129,0.816828
80,93.736695,90.327129,0.816828
81,93.736695,90.350778,0.830362
82,93.736695,90.352618,0.828807
83,93.736695,90.352618,0.828807
84,93.736695,90.363454,0.824068
85,93.736695,90.396037,0.84675
86,93.736695,90.410085,0.844388
87,93.736695,90.416674,0.844611
88,93.736695,90.422714,0.841198
89,93.736695,90.449846,0.852975
90,93.736695,90.478577,0.848376
91,93.736695,90.492573,0.843187
92,93.736695,90.501622,0.838683
93,93.736695,90.503067,0.836877
94,93.736695,90.507834,0.835483
95,93.736695,90.526096,0.827987
96,93.736695,90.529648,0.824584
97,93.736695,90.552255,0.821325
98,93.736695,90.552255,0.821325
99,93.736695,90.569089,0.810293
100,93.736695,90.576906,0.807547
101,93.736695,90.592517,0.821111
102,93.736695,90.609888,0.833436
103,93.736695,90.639591,0.88273
104,93.736695,90.6495,0.873724
105,93.736695,90.65814,0.87097
106,93.736695,90.673989,0.879834
107,93.736695,90.693123,0.871893
108,93.736695,90.706204,0.864554
109,93.736695,90.706204,0.864554
110,93.736695,90.706204,0.864554
111,93.736695,90.72753,0.85325
112,93.736695,90.72753,0.85325
113,93.736695,90.741003,0.851456
114,93.736695,90.741003,0.851456
115,93.736695,90.749169,0.849053
116,93.736695,90.767828,0.834918
117,93.736695,90.783116,0.845908
118,93.736695,90.791332,0.839591
119,93.736695,90.791332,0.839591
120,93.736695,90.794041,0.836194
121,93.736695,90.799606,0.834359
122,93.736695,90.799606,0.834359
123,93.736695,90.806183,0.826947
124,93.736695,90.811271,0.82577
125,93.736695,90.821496,0.822276
126,93.736695,90.84322,0.810663
127,93.736695,90.848134,0.808793
128,93.736695,90.848134,0.808793
129,93.736695,90.854077,0.802517
130,93.736695,90.857008,0.80046
131,93.736695,90.878248,0.782859
132,93.736695,90.878248,0.782859
133,93.736695,90.879669,0.781059
134,93.736695,90.885125,0.778611
135,93.736695,90.885125,0.778611
136,93.736695,90.885125,0.778611
137,93.736695,90.890146,0.776422
138,93.736695,90.927727,0.798785
139,93.736695,90.935531,0.794848
140,93.736695,90.935531,0.794848
141,93.736695,90.937404,0.794218
142,93.736695,90.939581,0.793278
143,93.736695,90.939581,0.793278
144,93.736695,90.942581,0.790128
145,93.736695,90.954084,0.778419
146,93.736695,90.956525,0.777545
147,93.736695,90.973299,0.785553
148,93.736695,90.98823,0.782691
149,93.736695,90.998233,0.78745
150,93.736695,91.004612,0.783587
151,93.736695,91.008977,0.780879
152,93.736695,91.01043,0.780566
153,93.736695,91.01848,0.772738
154,93.736695,91.02538,0.773833
155,93.736695,91.02538,0.773833
156,93.736695,91.040891,0.761636
157,93.736695,91.051974,0.755153
158,93.736695,91.062785,0.750806
159,93.736695,91.097392,0.791818
160,93.736695,91.100096,0.791304
161,93.736695,91.102054,0.790526
162,93.736695,91.102054,0.790526
163,93.736695,91.106873,0.791205
164,93.736695,91.106873,0.791205
165,93.736695,91.129204,0.811773
166,93.736695,91.129204,0.811773
167,93.736695,91.130608,0.809369
168,93.736695,91.136604,0.810005
169,93.736695,91.142917,0.803335
170,93.736695,91.172755,0.816207
171,93.736695,91.213821,0.852707
172,93.736695,91.213821,0.852707
173,93.736695,91.220666,0.850728
174,93.736695,91.241108,0.834753
175,93.736695,91.25246,0.838088
176,93.736695,91.25246,0.838088
177,93.736695,91.261007,0.834951
178,93.736695,91.29101,0.858359
179,93.736695,91.296462,0.857839
180,93.736695,91.300127,0.85388
181,93.736695,91.300127,0.85388
182,93.736695,91.300127,0.85388
183,93.736695,91.310271,0.852579
184,93.736695,91.31201,0.851713
185,93.736695,91.31201,0.851713
186,93.736695,91.325337,0.853462
187,93.736695,91.342576,0.878637
188,93.736695,91.389316,0.886489
189,93.736695,91.400005,0.89163
190,93.736695,91.400005,0.89163
191,93.736695,91.414386,0.884498
192,93.736695,91.418486,0.886513
193,93.736695,91.439255,0.903439
194,93.736695,91.439255,0.903439
195,93.736695,91.439255,0.903439
196,93.736695,91.449804,0.899516
197,93.736695,91.468975,0.893005
198,93.736695,91.488492,0.897572
199,93.736695,91.490593,0.895506
200,93.736695,91.495297,0.892781
201,93.736695,91.496462,0.891709
202,93.736695,91.522197,0.906704
203,93.736695,91.522197,0.906704
204,93.736695,91.546371,0.921859
205,93.736695,91.58241,0.93509
206,93.736695,91.58241,0.93509
207,93.736695,91.58241,0.93509
208,93.736695,91.58241,0.93509
209,93.736695,91.58241,0.93509
210,93.736695,91.608071,0.941631
211,93.736695,91.625549,0.946619
212,93.736695,91.639904,0.945404
213,93.736695,91.648212,0.956448
214,93.736695,91.664231,0.95577
215,93.736695,91.665137,0.955111
216,93.736695,91.667876,0.956162
217,93.736695,91.716247,0.959605
218,93.736695,91.769349,0.967992
219,93.736695,91.769349,0.967992
220,93.736695,91.769349,0.967992
221,93.736695,91.769349,0.967992
222,93.736695,91.774905,0.967997
223,93.736695,91.776527,0.967655
224,93.736695,91.812309,0.964138
225,93.736695,91.812309,0.964138
226,93.736695,91.842407,0.948831
227,93.736695,91.870641,0.942058
228,93.736695,91.898459,0.930381
229,93.736695,91.899756,0.930128
230,93.736695,91.901813,0.928671
231,93.736695,91.903613,0.931813
232,93.736695,91.931176,0.897618
233,93.736695,91.931176,0.897618
234,93.796695,91.982038,0.923436
235,93.796695,91.984193,0.924838
236,93.796695,91.986898,0.92465
237,93.796695,91.986898,0.92465
238,93.796695,91.986898,0.92465
239,93.796695,92.0065,0.926443
240,93.796695,92.017468,0.915679
241,93.796695,92.017468,0.915679
242,93.796695,92.04811,0.916818
243,93.796695,92.050579,0.920395
244,93.796695,92.050579,0.920395
245,93.796695,92.108439,0.940019
246,93.796695,92.108439,0.940019
247,93.796695,92.108439,0.940019
248,93.796695,92.117237,0.948257
249,93.796695,92.136169,0.936823
250,93.796695,92.161006,0.938049
251,93.796695,92.206942,0.938125
252,93.796695,92.211438,0.934086
253,93.796695,92.237678,0.931277
254,93.796695,92.240077,0.929869
255,93.796695,92.245916,0.926484
256,93.796695,92.293088,0.935373
257,93.796695,92.293088,0.935373
258,93.796695,92.299827,0.926974
259,93.796695,92.31291,0.924853
260,93.796695,92.335741,0.924132
261,93.796695,92.335741,0.924132
262,93.796695,92.371211,0.936343
263,93.796695,92.383811,0.943705
264,93.796695,92.406011,0.952738
265,93.796695,92.429088,0.961892
266,93.796695,92.429954,0.961073
267,93.796695,92.464711,0.961103
268,93.796695,92.467487,0.960411
269,93.796695,92.508108,0.970165
270,93.796695,92.556091,0.973645
271,93.796695,92.579724,0.961915
272,93.796695,92.585649,0.956365
273,93.796695,92.622658,0.957358
274,93.796695,92.66944,0.937146
275,93.796695,92.6757,0.9406
276,93.796695,92.70446,0.934175
277,93.796695,92.716485,0.932137
278,93.796695,92.732865,0.923335
279,93.796695,92.76811,0.921296
280,93.796695,92.787543,0.898387
281,93.796695,92.80845,0.900676
282,93.796695,92.80845,0.900676
283,93.796695,92.841941,0.893894
284,93.796695,92.86976,0.870908
285,93.796695,92.912467,0.843386
286,93.796695,92.97789,0.823356
287,93.796695,93.000261,0.814864
288,93.796695,93.069913,0.772198
289,93.796695,93.093762,0.768296
290,93.796695,93.117097,0.765926
291,93.796695,93.118897,0.766886
292,93.796695,93.132216,0.768555
293,93.796695,93.14626,0.760204
294,93.796695,93.150529,0.762701
295,93.796695,93.150529,0.762701
296,93.796695,93.172568,0.748659
297,93.863558,93.177436,0.751548
298,93.863558,93.177436,0.751548
299,93.863558,93.189368,0.749522
