5.688278679443146135e-01
9.800268710566671926e-01
3.467065753734026590e-01
-8.879897827575758962e-01
-3.538669750085676746e-01
-2.923283330213766185e-01
1.170263289957341191e-01
-2.040676892448636537e-01
2.019370319541809455e-01
-1.477540680267288853e-01
5.760043092961359967e-01
8.581603001438549150e-01
-1.000000000000000000e+00
-8.669836942950817082e-01
4.220096183644976851e-01
-5.016192750326302630e-01
-1.000000000000000000e+00
3.066573145380975252e-01
-9.430498018506290325e-01
1.000000000000000000e+00
-9.909500078692969893e-01
-6.413190316904697763e-01
1.000000000000000000e+00
4.973500057404826175e-02
5.561492486877792629e-01
-9.938582439500549537e-01
-6.970247867045202828e-01
-1.596389765486134205e-01
-9.017333722132591101e-01
-3.034073074360319477e-01
2.729346538866030958e-01
-2.864904599346086433e-01
-1.584256329447151779e-01
-6.340534637309187538e-01
-2.306282009129860811e-01
-9.012978899764045870e-01
7.769451926445651857e-01
5.528965656469821965e-01
-3.608833398555348349e-01
7.219393050441271775e-01
-4.656995684556680670e-01
6.612298121128679096e-01
1.622817108927235852e-01
-1.000000000000000000e+00
-1.000000000000000000e+00
-1.000000000000000000e+00
1.255803462673605875e-01
8.154958581769582437e-01
-9.229739037527515677e-01
8.716417099492146381e-01
7.281438459677147534e-01
4.610806829748121949e-01
2.395452230610191080e-01
6.198562547083676100e-02
1.000000000000000000e+00
-3.579002865425854329e-01
-1.714243970486071522e-01
4.791797803161595981e-01
7.789783465419597430e-01
1.363354222874109123e-01
-7.399536072267953735e-01
3.303013228137399726e-02
9.661489722288665316e-01
4.343586835688779124e-01
3.101331639984154787e-02
1.779097675638139087e-01
-5.021374154724133065e-01
-1.461744017268140350e-01
9.716881821718724443e-02
9.995319823375309332e-01
-8.658271242301515125e-01
9.999821678579747797e-01
-3.998440335428915526e-01
5.182016396163152683e-01
-6.900577516559217028e-02
-9.331972586657268920e-01
-8.792907026169811679e-01
-1.980505681576149590e-01
9.501082536599542161e-01
-5.078050637455565619e-01
1.000000000000000000e+00
1.358019987749871094e-01
4.208870748678674722e-01
-9.983852284949107370e-01
5.145189405957175666e-01
-1.200335079421856188e-02
5.146540877068628284e-01
-3.551831939588790954e-01
-5.864579809734132843e-01
2.410467517958522765e-03
-1.240979501149083869e-01
-9.879833665080779426e-01
5.924420382197805868e-01
-1.000000000000000000e+00
6.409600697538726521e-01
1.000000000000000000e+00
7.131313809500943179e-01
8.382485892217053092e-01
-1.000000000000000000e+00
-5.271129843858658459e-01
-7.675932666797904425e-01
5.872968650154172243e-01
6.265725200725499322e-01
-6.798503555998981485e-01
9.270576760959060580e-01
-5.825042594490275061e-01
4.129854541496236764e-01
6.547387026174665836e-01
-3.881024314996284752e-01
-2.848153550922559174e-01
-6.303527494720579938e-01
-3.687571371857339964e-01
3.771892991043335197e-01
7.481658807135220801e-01
9.952173266828763243e-01
2.002555702049464703e-02
7.959070721856222885e-01
-2.764269985510779959e-01
-9.775709546802278105e-01
-7.655029964630370998e-01
-9.231826572117858287e-01
8.620854013980708830e-01
4.578164446677913113e-01
8.396172571807287710e-01
-1.000000000000000000e+00
4.957099128649816722e-01
8.704169163003402376e-01
3.678002875602897626e-01
1.168829994758962543e-01
-6.168943237563955240e-01
-5.821552107767848927e-01
-7.847811060166676178e-01
8.264928125181622010e-01
2.074282481588646809e-01
-9.731426092853200371e-01
7.348723759019308854e-01
-7.242793880583029420e-01
-1.000000000000000000e+00
-9.649071105337612142e-01
-6.945303073226491986e-01
8.600633172339359200e-01
-2.498206624923298425e-01
4.986272791950697170e-01
2.036903422609614989e-01
6.767398216198926564e-01
-1.648614752488295476e-01
-7.889874197694277669e-01
7.662986636738046142e-01
-5.494792271503983194e-01
7.998121477636250809e-01
-9.374673350791800086e-01
1.000000000000000000e+00
5.435591832947709312e-01
9.770207457684255692e-01
-1.000000000000000000e+00
-8.372686772615471895e-01
1.098766148549785854e-01
-5.080203018834665851e-01
-6.672161581078333015e-01
1.408217332512480269e-01
-1.000000000000000000e+00
-2.685139368340613286e-01
7.491396987144325337e-01
4.415122482663349501e-01
9.656048010922284597e-01
-9.158407691084839986e-01
8.554613238704894540e-01
1.185784837701615996e-01
-8.750837568560161372e-01
-3.635399646898018755e-01
5.888545006721334074e-01
-6.367843269391186833e-01
-1.224369571102879445e-01
8.471021549593333866e-01
-7.050934236540785660e-01
3.191122866031742555e-01
2.519282852885501578e-01
-1.000000000000000000e+00
3.032430018119693371e-01
8.835229728779538938e-01
-1.000000000000000000e+00
6.332592895784275866e-01
2.957032362890019694e-01
-5.808770740584154879e-01
2.179144033304034056e-01
-9.673426182368378701e-01
-7.552479929819999604e-01
3.047413770341419470e-01
-1.000000000000000000e+00
7.255988870728324880e-01
-1.000000000000000000e+00
2.335569738588343658e-01
9.354165087590375904e-01
-4.111791713629331380e-01
3.781279726918223560e-01
-1.000000000000000000e+00
-8.930151927827032488e-01
2.680516560112253810e-01
-1.445694203038945802e-01
-4.255800836737926029e-02
-1.000000000000000000e+00
-2.655397602399452439e-01
-3.407596710660587003e-01
-6.628014363113081675e-01
1.000000000000000000e+00
4.887152460949684141e-01
2.386133203335596975e-02
-9.201367059159473172e-01
-9.145339362588377208e-01
-3.027270021852203619e-01
7.104131427113145048e-01
7.657388908074185263e-01
-9.998222504522022991e-01
9.501806016053628845e-01
-8.895984912473285933e-01
3.019994872809556030e-01
3.081947938671665832e-01
-6.775414162008756014e-01
1.646755933743920819e-01
-1.577872042363061555e-01
-2.012456703100826694e-01
-8.692302676322403165e-01
-2.499404933401343509e-01
-5.857858590106226337e-01
-4.411698879150672825e-01
-8.717021225967258591e-01
1.000000000000000000e+00
9.543846142305363323e-01
8.297565647617698437e-01
9.306296521233601293e-01
-7.233879137111327573e-01
1.000000000000000000e+00
-8.121732338569835896e-01
9.686176019937496884e-01
4.265423393864655743e-01
-6.423932884903424956e-01
-9.677723507827936666e-01
4.579630055578814418e-01
-7.051781114242574589e-01
5.916231934666383863e-01
7.176867610773804973e-01
9.995974664525668629e-01
9.991427599045112906e-01
-2.634523894725329107e-01
9.871167701431331487e-01
1.000000000000000000e+00
9.875412368277298736e-01
-5.627821021757830611e-01
9.400317120495111922e-01
-2.786824018983872775e-01
-4.534469973413187693e-01
7.494185953448151416e-01
-1.247042537137894314e-01
1.291074312337168670e-02
6.698236616999238002e-01
9.999137984794487233e-01
-6.362116039653570310e-01
2.162480907639128258e-01
-8.003843635567026160e-01
9.930009183815948770e-01
1.000000000000000000e+00
2.724097336139132963e-01
8.930722032320524972e-01
1.641638787444814063e-01
-7.408089562183989285e-01
