2.561339970525597365e-02
3.823092969589633738e-01
-6.756839611988978422e-01
-6.711511977138340246e-01
-9.958413937630575252e-02
-5.243044967049918098e-02
2.033710117411922369e-01
1.000000000000000000e+00
1.129146763325830916e-01
-9.466411757675352590e-01
-2.018613232936807556e-01
5.618608347316345064e-01
-3.672255582961255760e-01
-9.718117636402224813e-01
9.399440761499077146e-01
-1.000000000000000000e+00
-4.034378472920692182e-01
6.165032119451209214e-01
-9.246274783077759185e-01
-6.460346264768469515e-01
3.011064313341247356e-01
-8.156059661703735086e-01
-9.431786541757881670e-01
-7.261460361795901708e-01
-1.000000000000000000e+00
-1.842324878402934463e-01
1.000000000000000000e+00
-5.208989788476874327e-01
8.872823092280865964e-01
-1.000000000000000000e+00
6.212071894597219757e-01
-9.876378935934929104e-02
4.470215874926317112e-01
-9.342995872354931119e-01
3.753096254583302427e-01
2.963495331647975073e-01
1.432444445039790515e-01
1.000000000000000000e+00
6.168083293567553360e-01
-1.000000000000000000e+00
4.310318449284899489e-01
-8.500014492469263327e-01
1.000000000000000000e+00
8.582747896424023359e-01
-9.978630292236096988e-01
-9.798054350244433941e-01
9.396708151301471634e-01
-1.000000000000000000e+00
5.398648421058571678e-01
-7.483208792747163551e-01
4.905005255770706896e-01
-4.861611566620264724e-01
7.324113280403310444e-01
8.350297907287711485e-01
-2.998414748185899703e-01
-2.124015854045146756e-01
-4.213513214679823204e-01
-4.068479553527096781e-01
-1.000000000000000000e+00
-5.682887645650032127e-01
9.724774706773937627e-01
-1.000000000000000000e+00
1.083219332288621606e-01
1.366946546543560959e-01
4.073931063057260049e-01
7.254725727815243275e-01
5.534683880712605308e-01
1.497908003609907390e-01
-9.245809063640582082e-01
-1.000000000000000000e+00
-9.943157893177283491e-01
3.779526249913354174e-01
9.109470293911337002e-01
-1.000000000000000000e+00
-7.031865636913943174e-01
-6.006839562745363015e-01
3.340127024680471512e-01
8.137430220897318156e-01
2.573425152465174115e-01
3.295961904634637230e-01
1.000000000000000000e+00
-7.527480957556058616e-01
9.120287190010498701e-01
-3.915873232026044204e-01
-1.000000000000000000e+00
8.221393269766619216e-01
8.885670591311004562e-01
3.847284158987232527e-02
-8.892105514560244561e-01
1.000000000000000000e+00
-2.778333216709613085e-01
5.490016152455705623e-01
9.738440957808029985e-01
5.910630060560096988e-01
-8.241060380822347042e-01
5.327244307287080094e-01
-1.919658288223171083e-01
-3.789486497754251948e-01
-7.552864609614018399e-01
5.089688435602892636e-01
1.000000000000000000e+00
7.372844224605339392e-01
-9.713209854316067204e-01
-1.000000000000000000e+00
-3.603923005105819644e-01
-6.627547983363843986e-01
-5.170237701754214488e-01
-8.282504099786702767e-01
1.000000000000000000e+00
-9.070703167387069721e-01
-9.330774158884074243e-01
9.036975154434252477e-01
-1.000000000000000000e+00
-8.880598676492170718e-01
-9.456694514704627741e-01
-1.000000000000000000e+00
1.000000000000000000e+00
-1.000000000000000000e+00
8.118501050706031230e-02
5.570792572533750375e-01
-6.552323296422786214e-01
-9.877520845181594344e-01
9.451705364626975525e-01
-4.620620278816355286e-01
1.000000000000000000e+00
-1.000000000000000000e+00
2.129163232807189388e-02
-8.238494979585075928e-01
-8.935707460664166213e-01
-9.371889010344235105e-02
9.361568283956844816e-01
-3.615289639566269253e-01
-5.372750659889919955e-01
-2.986671204426909199e-02
9.918352379019101939e-01
-1.000000000000000000e+00
-8.081607284427660964e-01
5.005706053815434098e-01
9.118942187023382218e-01
3.484499304094331729e-01
-9.819002655746983388e-01
8.091430348972875608e-01
-7.866494189840963491e-01
7.103120709647060549e-01
-1.000000000000000000e+00
-6.054824637201310089e-02
2.510444777185948384e-01
-7.670305014659709597e-01
2.297815825134229828e-01
4.591344354583842824e-02
-8.018231285769041872e-01
4.315175492276622782e-01
-4.936271766102817704e-01
-1.590588884018108440e-01
6.147364499991598841e-01
-9.819399076401265081e-01
-6.723849690677581314e-01
1.365447782416750466e-01
9.079734089182431855e-01
2.290943304767330269e-01
1.073405138235895007e-01
-8.329944231742698602e-01
1.000000000000000000e+00
6.326451924995140086e-01
1.228402968729752631e-02
-7.421112791066658554e-02
5.081466816975248602e-01
3.144811543274814714e-01
-1.000000000000000000e+00
-1.922306244415727394e-01
-4.799663774048725795e-01
1.000000000000000000e+00
7.184473670455842065e-01
-6.365455869405552969e-01
2.778530311509600503e-01
-9.723357354082948767e-01
-9.030888677123850850e-02
8.514801147950288307e-01
5.764584758283028965e-01
-9.403104490555926898e-01
-9.068598017292146540e-01
-9.544403866526276481e-01
9.660965920683770580e-01
1.005388327200577581e-01
7.596751217942683265e-01
9.501204480610074832e-01
8.843816806846500622e-01
-1.000000000000000000e+00
9.778821341379217991e-01
-3.737030568695450805e-01
-5.627687939248078308e-01
-5.247821172327238326e-01
2.359967756228990021e-01
1.000000000000000000e+00
-9.833046242920101543e-01
-6.038475407172755327e-01
-2.178402888787995817e-01
-6.511315519585360034e-01
-6.476160299069275705e-01
-5.783253039037148380e-01
8.221955178169313427e-01
-8.582086121819576530e-01
-8.280823026278945065e-01
-2.106737026654345590e-01
8.339044307660659072e-01
-6.170969212931216585e-01
8.317135480203273756e-01
-1.071341447472581448e-01
-2.612689863958344016e-01
8.540095041253485952e-01
-1.000000000000000000e+00
-8.456577195313295103e-01
9.388588075483412787e-01
9.008780843333086263e-01
-3.794923104197669983e-01
2.626580982965825983e-02
7.098041537049737393e-03
9.913961345191986130e-01
1.216048983932176003e-01
-2.349449862629078567e-01
-5.842315343946584694e-01
-1.000000000000000000e+00
1.000000000000000000e+00
6.937401212882597923e-01
9.938415298388649788e-01
7.593141963661964589e-01
6.711872127972445812e-01
9.931633443287355423e-01
1.000000000000000000e+00
-3.443300992957496615e-02
-2.229808143949276733e-01
3.041686465045341514e-02
-1.000000000000000000e+00
6.585295104767240337e-01
3.135551947036642195e-01
-9.992419276432764619e-01
4.795811848274207367e-01
-1.000000000000000000e+00
4.973782116577012413e-01
-8.222403673251372780e-01
-5.058050263309821215e-01
-1.000000000000000000e+00
-5.053467107792050106e-01
-3.504514942905838093e-01
-9.540475252493649805e-01
-1.006869653818935617e-01
-2.216251928996226528e-01
-1.655555777214080537e-01
-8.771220688757495054e-01
9.990993573375129833e-01
2.388465930455957176e-01
-9.924356916079557500e-01
3.782708529218158922e-01
-6.509432423544090351e-01
6.393017060714115130e-02
-9.710401870089830911e-01
7.701506355799530024e-01
7.774162701357025806e-01
-5.799050573999943170e-01
-6.378185996776100097e-01
-3.105085859883208177e-01
-1.947520083822509296e-01
1.000000000000000000e+00
6.992930050975915135e-01
8.857560424333694726e-01
