-2.412768233846586674e-01
-8.441991898423395480e-02
7.490017214775589183e-02
-9.994170200372447521e-01
8.851112692294080819e-01
4.442717951307568192e-01
-4.558151688866309836e-01
-3.410264133363493100e-01
2.493182447919926603e-01
2.318292330051846262e-01
1.841580955861069069e-01
5.495540493309438723e-01
-6.135420039606441500e-02
9.885136014864440712e-01
5.602598014402350168e-01
-3.230853758327500991e-01
-2.373463278723251246e-01
-1.772074377237092546e-01
5.119042802461055697e-01
2.151496209501975176e-01
-9.211139431650985365e-01
-3.106619212322112022e-01
8.648203018410408061e-02
-9.963112055419719448e-01
-9.577372102321121128e-01
-3.860840856571327584e-01
8.135813674070928592e-01
2.887672592301937513e-01
4.889244882856957908e-01
5.818332886070926024e-01
-2.485710559700952116e-01
5.964826829282068310e-01
-1.163314416802284923e-01
-4.076114937101753544e-01
-5.149693315559511486e-01
-5.336288811450629055e-01
-8.639785214166303962e-02
-4.258099699544336536e-01
6.440217000001369207e-01
-9.796715020114712402e-01
1.000000000000000000e+00
6.274831633971333922e-01
-5.376256442011022596e-01
6.119430274492141386e-01
-4.058593980519013822e-02
9.994737067475051306e-01
3.958324875334069959e-01
5.286860890902032040e-01
6.885704818637912172e-01
-3.921080676463302161e-01
-5.490001015193315403e-01
8.376845764069912326e-03
6.004072635476712660e-01
-7.481760187215882318e-01
9.835361582863262342e-01
-9.984612014957852111e-01
2.107729316952545312e-02
-9.667174443721419097e-01
-4.313238192060451226e-01
6.021274936066151051e-01
6.932952183410652225e-01
7.481125022420578863e-02
8.443964196459032845e-01
-9.788032895600893291e-01
5.561469908981322430e-01
1.936856244830476026e-01
-3.551053760587269958e-01
6.964155062571696364e-01
6.136909655912389239e-01
-1.000000000000000000e+00
-4.004563289085105726e-03
4.291946925130551982e-01
-1.607100999243272765e-01
-9.808170191988395681e-01
-9.997262626371046235e-01
8.243054484634988466e-01
2.292154688870957080e-01
-2.386874027689705469e-01
9.227386340433489931e-01
6.387090098192949039e-02
-7.686810011548427246e-01
-5.821166049472716875e-01
8.819042086443411310e-02
9.997107177006359091e-01
1.000000000000000000e+00
4.564569024595842572e-01
-9.484330501161541971e-01
6.004843259268584088e-01
-4.271908492756556486e-01
-9.998902029560858828e-01
-3.063284468179798825e-01
9.957072690450764485e-01
-4.288036172081650665e-01
9.953895646407924236e-01
4.762845459736851916e-01
1.207093446662356045e-01
3.405397719066844964e-01
-3.567404557222160211e-01
6.307352622116564334e-01
3.934423956084318053e-01
-7.844656707750142788e-01
1.997988666431859128e-01
-9.236438273557073808e-01
6.487230940717663152e-01
-1.927114630635751724e-01
9.843609388510923264e-01
-2.133064914088549369e-01
-6.987661164451981488e-01
7.467067060399139589e-01
3.187587938945455335e-01
-9.317215197756062439e-01
6.605062040214392249e-01
-3.655677694935037247e-01
3.363708773634422333e-01
-2.093726422393235587e-02
4.061086600298594584e-01
9.394847507071544257e-01
-9.607327478785711028e-01
1.000000000000000000e+00
1.456491056285992292e-01
9.999575447133017825e-01
-9.804728113571552495e-01
6.429724518215698126e-01
-5.102030412095492906e-01
-9.918129098176967640e-01
-4.127984760576784984e-01
4.700138436898528838e-01
-2.328119132049254192e-01
-3.331478690830703138e-01
-8.542014640407455950e-01
9.990426991545808821e-02
1.424192257370877554e-02
-6.408710321575603608e-01
2.532756898774373155e-01
-6.296756474352765975e-01
6.674207101869913256e-03
-4.790246327567551643e-01
1.992255795687505326e-01
5.965170201862936283e-02
2.910335104008331814e-02
8.280169700610839900e-01
2.971731567391648274e-02
-6.110883918713723162e-01
8.070317071268495734e-01
5.003616134298494167e-01
4.610843464355047217e-01
2.455626769824209021e-01
9.995293037467511965e-01
3.478968192406651783e-01
1.280718994406300770e-01
-1.092244292850023529e-01
-3.544376142624330317e-01
-2.566231620054246765e-01
-5.175430188701563017e-01
5.047092647167048529e-01
-9.987067404298708428e-01
-7.171237354004555975e-01
2.100155548793985472e-01
7.514307576250682796e-01
-9.559452334626344916e-01
-2.274514104662406916e-02
-3.660133498101177940e-01
1.000000000000000000e+00
-5.799063871815229865e-01
8.805281188217837229e-01
9.811996761226782215e-01
-1.000000000000000000e+00
-1.000000000000000000e+00
6.190574560366464141e-01
8.893220956756275886e-01
8.329356215460981261e-01
-9.532220464736758103e-01
-5.331993854116550136e-01
1.907362862727819408e-01
9.732528901152548428e-02
6.971636572864522985e-02
2.486384724867023444e-01
4.248408742298886986e-01
-9.999912834913171622e-01
-7.090168022787954327e-02
1.668276940203485825e-01
-9.205238394554612347e-01
9.622356569256255154e-01
-8.787983572593688342e-01
1.000000000000000000e+00
-2.191303486394624023e-01
-3.072386277543220912e-01
9.481837503526457933e-02
4.844291574840327574e-01
1.073233973048495216e-01
-8.301558984076142789e-01
-7.898334955968162874e-02
-2.877518841264735672e-01
-3.496277260872729942e-01
1.552647661823005065e-01
3.883344672225755301e-01
-9.101971072047601030e-01
1.113262827276729205e-01
1.848312847661585656e-01
-8.946176339856639625e-01
-2.219739786861310016e-01
-7.872506936385031961e-02
3.876888680002561482e-01
-9.647586707476372980e-02
1.969038860502210220e-01
9.392755059522215344e-01
5.307058937627955331e-01
6.959221359221108572e-02
-8.829289949233545265e-01
2.374811366604047957e-01
2.687401239351560056e-01
-6.855994275135492144e-02
9.996161212810514840e-01
-1.630888279066957519e-02
-8.404686823076576996e-01
6.094068896778199740e-01
-9.238280628672599359e-01
-2.571488386339389476e-01
9.955126012965547222e-01
4.534703826457672227e-01
3.924883378970236425e-01
6.672083829929341681e-01
-3.030286165831483358e-01
-2.936588168568401436e-01
6.409413551577707313e-01
6.938431547203465222e-01
6.765397429455137779e-01
-2.847700379408774074e-01
1.881709279957102798e-01
6.980364072911573459e-01
-4.739885809331325639e-01
8.255703870968352648e-03
1.932456212693712816e-01
9.997034226274100766e-01
-5.585126200183576639e-01
1.595869548462818255e-01
-9.874018972097009517e-01
-1.047402270325154539e-01
-2.513151163137479216e-01
-9.868196100832212769e-01
-9.467265800907809226e-01
3.650101102416199450e-01
-7.728249445332321388e-01
-8.230365737740095167e-01
-2.432063607964298213e-01
-5.262717606300283402e-01
9.599601125729113615e-01
4.922672704772645957e-01
1.000000000000000000e+00
2.264747793984974167e-01
1.000000000000000000e+00
6.978995692573397580e-01
-1.947708595247160113e-01
-7.449320026157796315e-01
-9.936831590348143006e-01
-4.011723768403240298e-01
2.141591457596006831e-01
6.081775814630911992e-01
7.364050817561715867e-01
-1.659923521742811825e-01
4.466040511659645773e-01
-5.023079423974770030e-01
5.323878072441660114e-01
4.863739152553789857e-01
-4.794122267595186671e-01
