-4.484148975753564637e-01
1.636247852436228389e-01
6.208564237289726506e-01
9.829115167474711257e-01
9.601872003345536255e-01
8.182256292132922271e-01
9.605612257311012536e-01
4.129080578320866168e-01
1.087714423531324637e-02
8.739800160002646479e-01
2.402517739131309615e-01
-8.873363900223738554e-01
8.305398647437047810e-01
-7.320067481666806541e-01
-7.353324122331830193e-01
-8.262897171522314010e-02
2.827890082767074431e-01
1.000000000000000000e+00
6.081369978260453557e-01
3.579186973298195684e-01
-2.088917995165383013e-01
-8.215949714635923939e-01
3.883409440973215054e-01
-1.160653683700545030e-01
-8.774316521514053946e-01
-9.856541575184557535e-01
6.821610697626637743e-01
5.387394084810260830e-01
-1.790859007828284333e-01
-9.555402402735398981e-01
6.098723286844210945e-01
-8.133270930080426231e-01
8.838581840398582745e-01
5.523061370927293545e-01
-5.860772192588783458e-01
-7.119470504853633308e-01
4.647282040411311321e-01
-9.887822744693492982e-01
1.492355461876314626e-01
8.306349693836569958e-01
3.940140560434268746e-01
5.258945583009044800e-01
-8.934249266518551336e-02
1.430617951913242814e-01
4.235781872024230177e-01
-9.875712301553412065e-01
2.205937785729297218e-01
-9.041680217469791891e-01
-8.892594247254814732e-01
9.164312051694259997e-01
1.939577737309201300e-01
7.830633911990496632e-01
8.506423035058510163e-01
-3.807647761175150247e-01
1.294809191439912355e-01
-9.416566666228127769e-01
-4.664075077494205246e-01
-9.914901745693813773e-01
-1.894383095904203784e-01
-6.180704354537518430e-01
-8.295981902618232429e-01
-6.781050334371861998e-01
-8.955761755468715224e-01
6.091498662717131918e-01
-1.363850393731323440e-01
-8.338175883082608042e-01
-6.280181847763217640e-01
1.707127700156539918e-01
2.673026214652855503e-01
3.662382490904025900e-01
9.592675907282329772e-01
-3.863362434396943046e-01
-9.725506290025882628e-01
1.693391697303587295e-01
1.390163950245761337e-01
1.000000000000000000e+00
1.877635883717688747e-01
9.346289973768160397e-01
-1.000000000000000000e+00
-9.465551241021603612e-01
-4.216270052799796497e-01
6.327510328545780105e-01
7.089288667847211123e-01
7.659616932155004498e-01
8.949970636650836919e-01
3.681562640853457968e-01
7.757649889934525866e-02
-6.332542390511658459e-02
9.312346566425959704e-01
-4.777260230576769739e-01
-4.155750974652859531e-02
1.000000000000000000e+00
7.868088904738157474e-02
7.810327534182234244e-01
9.655414045079256935e-01
-7.610552092738080976e-01
9.090780513691193443e-01
-4.676144402338821005e-01
5.741420156239650519e-01
-9.809418812058542381e-01
-8.620509904659603428e-01
-1.000000000000000000e+00
1.000000000000000000e+00
9.795250322669943888e-01
-1.000000000000000000e+00
3.095610187786218548e-01
-7.423452598215560805e-01
4.311608644784203914e-02
8.201642962766368949e-01
8.633633897896658693e-01
8.082694878939454819e-01
-2.955212780222551405e-01
-7.389944117821182212e-01
-1.109096269004655883e-01
7.815919297927209630e-01
-2.697117532167785936e-01
9.801773476362581894e-01
-4.029073415075589137e-01
-1.022275288788392772e-02
-8.634117023504187527e-01
6.928501907859596631e-01
-1.092527354961433939e-02
1.144697327259780184e-01
3.146098428284863635e-01
-8.142084161642433315e-01
-8.951798246928592828e-01
-7.388246805163919406e-01
9.781213003149027418e-01
8.867245363904471267e-01
-8.355415596479496276e-01
9.867182550602089375e-01
-5.479548219457465175e-01
8.186299957323963650e-01
-9.891534348381378905e-01
9.861347492893148825e-01
-7.711964592557943865e-01
1.000000000000000000e+00
-8.360655452213346106e-02
-5.338885334882005340e-01
6.960573057093253357e-01
-7.900970438178593902e-01
8.794213220170785661e-01
-7.747981483145163217e-01
-1.662922902062620722e-01
4.492735603355500762e-02
-1.861257200561962089e-01
7.403109200838788873e-01
9.542629191475766604e-01
-9.649730848587175780e-01
-4.654748848069810707e-01
3.061465695902008677e-01
7.399063959954298442e-01
-5.880457493403565827e-01
-1.176304256582988150e-01
-1.000000000000000000e+00
3.803269041408698370e-01
-2.582937729421557194e-01
-4.739429721985200517e-01
1.000000000000000000e+00
-3.402739991448933132e-02
-8.289191781088240951e-01
9.424852871844318081e-01
4.129324806702291961e-03
-8.576489740893562530e-01
2.064296118550890680e-01
-3.846525377251035493e-01
8.472654290160601676e-01
5.068607663337904023e-01
-1.062912160646162091e-01
-7.991432605202738459e-01
-8.915505145816898791e-01
9.668056516903436037e-01
-4.353940019715383247e-01
-2.211909721251170136e-01
6.162547516847705076e-01
-6.705448161448526179e-01
5.964714321846296130e-01
-9.960591014924083941e-01
2.148559228078918970e-01
-7.509073011143277410e-02
6.511040966819592324e-01
-3.965393772339346201e-01
3.253520635514857706e-01
3.653134044564956273e-01
-6.827045533146741674e-02
-7.807202298796149798e-01
8.614897689698592931e-01
-9.272779886367544799e-01
9.264647341964838967e-01
-9.391184587075768198e-01
9.212254946850230164e-01
1.078845104349548945e-02
-3.099707857425048063e-01
-2.264906633925292401e-01
-1.000000000000000000e+00
-3.947148613987640497e-01
8.672780019952874841e-01
1.885251469480564157e-01
-9.752736358891062052e-01
5.888411209092565546e-01
9.999743042970719031e-01
-6.121308984154882893e-01
-2.961033722247261579e-01
4.510723290433124588e-02
2.850596393515602012e-01
-7.461285504403947222e-01
3.152551798258496074e-01
-9.880745687965895030e-01
-3.427998721271812155e-01
8.827643408053535978e-01
-6.882503824130759007e-01
2.993382364322059175e-01
-2.155476649278368906e-01
6.598244696133575005e-01
1.000000000000000000e+00
-6.263376065475608767e-01
9.094105703111018402e-01
-1.000000000000000000e+00
-9.718792975674358514e-01
-6.164294575908748630e-01
-1.894341079189438282e-01
1.000000000000000000e+00
4.063564065756225530e-02
7.427595321100217696e-01
-8.771165764354613703e-01
8.710820823851391781e-01
9.179498469478983846e-01
8.838530926847197877e-01
-1.000000000000000000e+00
6.596133866502593701e-01
4.529281648714155173e-01
8.595251189768080557e-01
-8.324470716911355206e-01
-5.148549484374334573e-02
-1.000000000000000000e+00
-5.062934640072289660e-01
-8.522938910986350702e-01
-3.057851876672758595e-01
8.829630555946788029e-02
-1.000000000000000000e+00
9.927006075863504808e-01
-1.734386432078516005e-01
9.950499784014972260e-01
8.091158143378798240e-01
-7.917598178422791122e-01
-4.652200861428377743e-01
-6.188567606794859177e-01
-2.522569406617047871e-01
9.655774113719073348e-01
5.534107468063476087e-02
8.408657311138145740e-01
-9.744563837105043591e-01
7.624659756440513303e-02
9.553750323967959979e-01
-3.692015210965255423e-01
1.561449247391750172e-01
-9.979002711184860042e-01
6.886654287946409880e-01
9.880271251442825919e-01
7.893420913293263119e-01
1.340084686193964147e-01
6.180089814986489127e-01
1.684727672951757613e-02
-9.223861963208325188e-01
-3.814991620376356751e-01
