-5.239530807076464569e-01
6.271635293870012617e-01
-8.218842158442715151e-01
-5.699339594343064697e-01
-5.480655302704734444e-01
6.196394233934309215e-01
7.286675877974129190e-01
-8.944060348070770328e-01
-5.358572221084636489e-01
9.750747964352896036e-01
8.879149224747714397e-01
-8.438601609339811960e-01
8.471354529043053638e-01
5.689850493768475737e-01
-5.792571296161945771e-01
-3.795106896667810314e-01
-8.420370197654997169e-01
-2.441407839109561995e-02
9.963770523964654569e-01
-9.174674091509114060e-01
6.133719499123185814e-02
-2.404219268488852479e-01
-9.026973449075548217e-01
1.661114533879593513e-01
-6.050172033300210694e-01
9.669094224347245525e-01
-7.502482034701953018e-02
8.946712070742706135e-01
-2.836086471219232408e-01
-1.010546546883526325e-01
4.182333209400242446e-01
5.132777927065267365e-01
-5.342942292601333687e-01
7.866815584192741184e-01
7.513125291274396211e-01
5.753714212240050863e-01
-9.218447290791406123e-01
-4.402334367175811947e-01
8.809107948740617644e-01
1.000000000000000000e+00
1.439445087137971591e-01
-7.076216490410902615e-01
-6.102512968289609541e-01
-9.834205505799789027e-01
-4.940152961083367211e-01
4.672041412391915727e-01
-1.877125571918019931e-01
-9.271649001522721534e-01
1.314336439549039781e-01
5.346383151923156385e-01
-7.122854011236485761e-01
9.674741042496604049e-01
-8.359932585627135593e-01
5.193981236135707391e-01
-8.034439378270823440e-01
1.000000000000000000e+00
-3.052869882221589393e-01
-3.971340381200516578e-02
1.472609973355940016e-01
-2.863925454089703559e-01
4.539812404217182240e-01
1.465726639035385692e-01
-9.715563362271748549e-01
7.798496309492772838e-01
7.930818944663478032e-01
1.000000000000000000e+00
3.381075439182527065e-01
4.454043962477427510e-01
-1.000000000000000000e+00
9.252741366159860092e-01
2.720763179676015386e-02
3.712115081854927001e-01
-1.866329527494860474e-01
-1.274015541988200440e-01
-8.342493085058728941e-02
3.854628019985977261e-01
-4.392953822739166236e-01
5.631707273054604723e-01
5.312977932853476526e-01
-7.521695665748580062e-01
5.195296450643549502e-01
4.915590494969251378e-01
-5.438768065743280200e-01
-4.867892057456544297e-01
-6.567147714106389422e-01
4.865599628868259030e-01
9.268705654884383804e-01
-9.431742888990776175e-01
-9.323815150510670335e-01
-7.566221935858542524e-01
1.825963003652888994e-01
-7.125119192370342469e-02
-6.139884896059630282e-02
4.419893664283139345e-02
-1.000000000000000000e+00
7.863169487374260802e-01
-7.275564737961848216e-01
-4.098643625278244329e-01
6.834197541932192088e-01
-9.665280463927303223e-02
8.976002291161714330e-01
5.411883878170120621e-01
-3.141570659177851943e-01
-2.306190789905644689e-01
-5.482774359981351653e-02
-4.828537712910826452e-01
7.129066219484780920e-01
2.078471486080166741e-01
-2.224943160275292264e-01
-2.552418347283681999e-01
1.000000000000000000e+00
-7.354110271066958970e-02
-5.892963510740980571e-01
8.886650561482198896e-01
-1.221149192602278277e-01
-2.932713209950784661e-01
-8.511215306375053968e-01
3.026449457665128517e-01
9.853731632518525352e-01
7.425523824687589869e-01
8.767982919058696645e-01
1.285475789881601327e-01
-4.909264770336693728e-03
-3.069173874651884640e-02
-1.653902819062010587e-01
5.645869848469133867e-01
-6.507352212330557162e-01
9.119215363518136108e-01
3.798512161322869507e-01
1.648394586097520209e-01
-4.329310132019311141e-01
-2.366485120919235297e-01
-5.013646102453880316e-01
-4.024942452189115283e-01
-1.347807855213963846e-01
-6.840934977738823974e-01
3.456660755384837191e-01
-4.535350879091729626e-01
-2.518920860629954017e-01
-4.062164690841468806e-01
-9.922129588988310989e-01
5.419248185031213527e-01
1.417921007074629536e-01
-6.917035790921128857e-01
9.139863582058153080e-01
-3.077337094455279143e-01
3.090097623149150319e-02
6.892539088339821873e-01
-8.165244970699556681e-01
-1.375446359649243888e-01
8.110158165270911490e-02
7.579821548819590249e-02
6.369758646416723291e-01
-9.106693776339465085e-01
-1.000000000000000000e+00
1.204851039626392700e-01
-4.223494162732556179e-01
9.349209787183673237e-01
-1.671094037572226632e-02
3.227348391096380720e-01
-5.881411513298351323e-01
-1.377390701402690099e-01
-3.754085562860561831e-01
-8.102488449082138888e-02
-2.738949008290013643e-01
6.098557105093573849e-01
-9.104606709676755782e-01
5.480626446171402710e-01
-9.364970396630492022e-01
9.805555232726891335e-01
-2.960285930530662246e-02
-8.983785035215952064e-01
8.056286930902983867e-01
5.388964028812166518e-01
5.398336568602217778e-01
1.000000000000000000e+00
-9.143017182867581027e-01
-5.357796805697180309e-01
1.934212877897962257e-01
-1.000000000000000000e+00
-6.142718982396313532e-01
-1.965009784589965280e-01
-6.766077146666946707e-01
-6.228606220607856014e-02
2.211686166403190046e-01
-7.775108324049834208e-01
-7.833996466697153993e-01
2.618244294442230724e-01
-2.913976770685243745e-01
6.118644755773354760e-01
-6.129128196653813032e-02
2.778730206151958093e-01
7.980880516179963968e-02
5.105450014397119318e-01
8.962393490564825038e-01
-3.799754253730548426e-01
-9.971835665784132274e-01
-1.000000000000000000e+00
3.470291516530251141e-01
-2.755931440933224730e-01
-2.317761253428644586e-01
3.543452670002487093e-01
3.344556988813029430e-01
-4.174930290168664404e-02
8.700105231164975139e-01
-1.000000000000000000e+00
3.978707081276172119e-01
-1.000000000000000000e+00
6.229906410335188660e-01
-9.277124769353546352e-01
-6.556970934342071233e-03
-1.764492022700520635e-01
3.880458831680993481e-01
3.077078575944581784e-01
1.189931354627519061e-01
9.407144023091880136e-01
8.022098939517465777e-01
8.221106241180302643e-01
8.716054586200546739e-01
-6.683609591646569870e-01
-2.457664087201437142e-01
-3.564953992189340282e-01
-6.011725760016487508e-01
2.012685444330280515e-01
4.697991329679477857e-01
8.911698665850602552e-01
2.036611825318758728e-01
-3.525475212255009261e-01
7.546577633973563515e-01
-9.532772048956698052e-01
-5.586938005377459771e-01
8.684566757114807745e-01
1.663931133018093922e-01
-9.667514659387918541e-02
-2.544767419745879722e-01
-9.566331328340630380e-01
5.498201762657743963e-01
7.525568456469990952e-01
9.453818887684485306e-01
-3.917892049511627062e-01
-3.585588294034369183e-01
-9.991524468086692146e-01
5.550077165399271983e-01
-9.467370428066250732e-01
2.063108495199236780e-01
-1.501572523554931260e-01
-6.334539937981666924e-01
9.856514972406991149e-01
9.006029921367342261e-01
-2.165483154596520854e-01
9.225471310242689960e-01
-3.957789616621053552e-01
-5.262541493476582954e-02
-8.258552666536639331e-01
1.357164315690931322e-01
-5.553175348313338366e-01
-9.024316471117144189e-01
-1.000000000000000000e+00
5.790572119828357733e-01
4.663554308063722065e-01
2.320305074089911573e-02
1.000000000000000000e+00
3.135091484360955638e-01
7.163178167193726686e-01
-1.760490670422773518e-02
