-4.312334447800311166e-01
1.000000000000000000e+00
1.000000000000000000e+00
-5.813874918475029352e-01
1.000000000000000000e+00
1.000000000000000000e+00
-8.783651303047459447e-01
-8.308497446809406384e-01
9.665214993310784486e-01
3.227579810899330326e-01
-1.212087198909600483e-02
-1.000000000000000000e+00
9.896789933212736257e-01
-9.467339613777252527e-01
9.613304334043661914e-01
7.600108530043067634e-02
-9.699732127096596379e-01
7.454536545025167715e-01
1.000000000000000000e+00
1.000000000000000000e+00
-1.000000000000000000e+00
4.855357852778793837e-02
1.000000000000000000e+00
-4.241396804308118773e-02
2.575831453395644455e-01
1.000000000000000000e+00
-9.697826758562555494e-01
-9.227512776985207221e-01
-2.149631816022099517e-01
9.291892214279007245e-01
-3.783505206159547551e-01
-8.988272401901535869e-01
9.887794125338982276e-01
-1.798253724812919618e-01
-1.000000000000000000e+00
9.621460097293037528e-01
4.286532535141015510e-01
-7.311158549648566485e-01
6.391369854671532513e-01
1.000000000000000000e+00
1.000000000000000000e+00
-9.519503514017524370e-01
8.002134349180564099e-01
-8.769287143493547099e-01
-3.766895434228295647e-01
-5.058681839847839479e-02
2.106791041507660722e-01
7.645349158459976424e-01
9.285765005342269118e-01
-9.981098699744983538e-01
7.326672554363112821e-01
-9.846465692410935056e-01
-9.429095812096623952e-01
-8.300070652609485844e-01
-7.890441247238446643e-01
-1.000000000000000000e+00
-9.845968327421976696e-01
1.000000000000000000e+00
8.671832954833688101e-01
9.413067610106854444e-01
7.326102027116784265e-01
5.203483852515852770e-02
-9.425131844268972436e-01
7.565486132666051633e-01
5.064599292048206358e-01
-1.000000000000000000e+00
9.839182228102967276e-01
5.003364279210843479e-01
5.642810876754777993e-06
1.000000000000000000e+00
1.390608210948113266e-01
9.658167542470195155e-01
-1.000000000000000000e+00
1.000000000000000000e+00
-9.641752001206979061e-01
-1.000000000000000000e+00
-1.000000000000000000e+00
-9.807512612481779080e-01
-1.000000000000000000e+00
9.941410141101265641e-01
1.000000000000000000e+00
-9.846414277163494377e-01
-1.000000000000000000e+00
9.818701062138837088e-01
-1.150280620186677760e-01
3.586601891761326266e-03
9.826245246920172205e-01
7.880064928312395800e-01
-1.000000000000000000e+00
-5.573796629106592126e-03
1.634911982381409556e-01
-9.985998212775012428e-01
-1.366179811528942245e-01
1.000000000000000000e+00
-1.000000000000000000e+00
-9.049290878353110079e-01
1.000000000000000000e+00
-1.325756151990597487e-01
9.266893035498281472e-01
-2.481254533135207052e-01
7.859157817167594651e-01
3.056111720358959949e-01
1.000000000000000000e+00
8.010346008367180692e-01
-3.614935225341373015e-01
1.000000000000000000e+00
-7.004963948791456119e-01
9.999304339294476929e-01
-9.875777095603105460e-01
8.916702509026199763e-01
9.720720332541508135e-01
-4.679062484306673597e-01
-9.723064941540895401e-01
4.259125147452006432e-01
-1.000000000000000000e+00
9.981168590495598236e-01
-1.000000000000000000e+00
9.805135063437454557e-01
-6.745638761699269681e-01
-2.341658195691525557e-01
6.568868727860295298e-01
-1.000000000000000000e+00
-6.528524166328903977e-01
5.272883215270800505e-01
-7.794953164558590109e-01
-4.189086742843457500e-01
1.213145306012589075e-02
9.299941130864637362e-01
-3.756230351951067581e-01
1.000000000000000000e+00
8.581904821068070399e-01
-9.947511280865029004e-01
-8.516318472863579903e-01
-3.511012781467549165e-02
2.456434744809390669e-01
9.768779953695879703e-01
9.991030685732359418e-01
1.000000000000000000e+00
1.303532109708653020e-01
9.225856533528156156e-01
9.697309754013582195e-01
-3.885161412877561338e-01
-1.000000000000000000e+00
9.960942835661141803e-01
-9.879044069860731803e-01
-4.548607261067235674e-01
4.607642428805900359e-01
-2.830172326968680707e-01
1.000000000000000000e+00
-7.818875729588858903e-01
-2.012918936913009604e-01
-1.000000000000000000e+00
7.303756174868971662e-01
1.000000000000000000e+00
3.271729615572309124e-01
1.000000000000000000e+00
-8.317145331352137072e-01
-8.826215548505497166e-01
1.000000000000000000e+00
1.000000000000000000e+00
-1.000000000000000000e+00
8.575216928170942277e-02
-9.939061536622419979e-01
-9.882955335039718126e-01
1.000000000000000000e+00
9.040624184128199792e-01
8.224613548094725779e-01
9.928107066055775753e-01
-1.000000000000000000e+00
-1.000000000000000000e+00
9.002459468052883551e-01
-4.646151353800252737e-02
1.000000000000000000e+00
-1.663412144828120831e-01
4.642755117937750198e-01
-2.661805898644810098e-01
8.364929174021625835e-01
-9.340231353899311473e-02
-1.000000000000000000e+00
6.847253251101863558e-01
9.240172255693278602e-01
-9.746427782694563335e-01
1.000000000000000000e+00
5.823031470038505519e-01
7.914073357654888285e-02
-1.000000000000000000e+00
-7.926810155799495217e-01
-9.847216043098365734e-01
-6.417213213300554386e-01
1.000000000000000000e+00
1.000000000000000000e+00
-5.441275886492926706e-01
-9.904633163225284864e-01
3.358460208532286773e-01
1.044322494220238373e-01
1.000000000000000000e+00
1.000000000000000000e+00
-9.418831123635825753e-01
2.824924430062598635e-01
-9.810372664714499535e-01
-8.974699653285109768e-01
-9.970875127693605844e-01
1.295129651175714880e-01
7.353267067200727203e-01
7.476061104944428104e-01
-4.670936020407196465e-01
9.679059462032993943e-01
-6.413936752980800016e-01
-5.209771456287664027e-01
8.780052951017096596e-01
9.068193531517847461e-01
-1.000000000000000000e+00
-1.000000000000000000e+00
9.989699468037152030e-01
9.697259031028999665e-01
-8.006563421713588369e-01
1.000000000000000000e+00
1.000000000000000000e+00
-9.824406010948849577e-01
-7.934155378187699448e-01
-9.147805343437640513e-01
-1.000000000000000000e+00
6.162460735344641449e-01
4.545922942452549353e-01
-9.610064059745492271e-01
4.698638516339634363e-01
1.000000000000000000e+00
1.000000000000000000e+00
-9.781924448789989235e-01
1.000000000000000000e+00
-9.870308768346924833e-01
-4.265975423630712915e-01
-1.000000000000000000e+00
1.424460828807110335e-01
4.818378887521848064e-01
1.000000000000000000e+00
-9.050190153727422082e-01
-5.012167503415529968e-01
9.837464714312571523e-01
-2.407305382624803647e-01
-9.348011545704024705e-01
9.945465392899861534e-01
-9.986703255097811871e-01
9.890552553705695971e-01
2.823537130688817953e-01
-1.385499627563597375e-02
6.232596036559125974e-01
-1.000000000000000000e+00
1.657283035754007483e-01
-8.950217728527086747e-01
-1.000000000000000000e+00
4.203289509061872153e-02
1.000000000000000000e+00
3.512278381460270937e-01
1.000000000000000000e+00
9.994321807539695568e-01
2.047187349506320309e-01
8.837210936498891556e-01
-6.239397049095634085e-01
-5.755502716463440915e-01
8.729138325460380488e-01
1.000000000000000000e+00
-1.000000000000000000e+00
9.577323064021050492e-01
8.546385224601334984e-01
