-1.000000000000000000e+00
2.578153420193809997e-01
-6.620814077179320023e-01
-6.213152137767854466e-01
-8.075569843176179097e-01
1.149937299103160893e-01
4.500694253408421552e-02
3.466273165957933777e-03
-1.000000000000000000e+00
-4.587034624757231338e-01
3.909090354627451358e-01
5.235547031651011096e-01
1.036987352825058384e-01
1.000000000000000000e+00
2.230795543069350462e-01
8.190456311433964576e-01
-2.728519698139661998e-01
8.231904160178651342e-01
-1.000000000000000000e+00
5.557072853263748113e-01
-1.000000000000000000e+00
2.943350737001191320e-01
-5.727635854278014804e-01
-2.665582515242798101e-02
-1.472297707248645393e-01
8.991336853893240333e-01
-7.710413271008403902e-01
1.000000000000000000e+00
-1.667913489069965949e-01
4.484447006901788324e-01
-1.000000000000000000e+00
-1.000000000000000000e+00
-1.051516114425748438e-01
1.000000000000000000e+00
-1.408753873303747461e-02
-6.564424369211997456e-01
8.560978979440339032e-01
-3.592445466950893174e-01
-1.000000000000000000e+00
9.487843497473974486e-01
5.156768811361023275e-02
-3.336840885420170322e-01
-5.109666628317285353e-01
5.751748669614209497e-02
3.856679246483806778e-01
1.000000000000000000e+00
-3.922200944187929084e-01
3.882920640231173337e-01
1.000000000000000000e+00
-8.394011723364014355e-01
7.621328288462650979e-01
-4.676628458951672673e-01
1.000000000000000000e+00
-7.025941649011436807e-01
-6.458998775336955989e-01
-5.009682531412844586e-01
1.809176773847378517e-01
1.000000000000000000e+00
-5.655627518749946070e-01
-1.000000000000000000e+00
-3.431400699445876223e-01
-7.111333283349293710e-01
-9.184029720657667095e-01
4.885171665416520592e-01
1.000000000000000000e+00
-4.502055791785780636e-01
9.238849749434436820e-01
-1.000000000000000000e+00
-2.438641070441219250e-01
3.972857885930654032e-01
-1.782146922301459102e-01
-1.000000000000000000e+00
2.286538842792724679e-01
-9.286737803818381209e-01
8.238787696511884473e-01
-7.231376251202181749e-02
-1.000000000000000000e+00
-5.922576052322348072e-02
-7.783010720314709197e-01
-5.404180954023309891e-01
6.931947315245751140e-02
5.674769261007087673e-01
1.000000000000000000e+00
3.406110687914631896e-04
3.329207516885706042e-01
9.816024532870460950e-01
1.000000000000000000e+00
1.000000000000000000e+00
-9.749006239246549299e-02
-1.000000000000000000e+00
-1.000000000000000000e+00
2.996791007865116652e-01
-8.549430319939073097e-01
2.078247566125266399e-01
2.016514434715973025e-01
-2.365560192186856314e-01
-1.000000000000000000e+00
-8.560124267965247835e-01
-1.000000000000000000e+00
8.048190163447364043e-01
-5.044841879622101732e-01
-5.119671278829189820e-01
-2.154822213467513237e-01
1.297469504503042104e-01
1.000000000000000000e+00
1.000000000000000000e+00
-1.720631880387470114e-01
-6.900934858553930962e-01
-1.568794134514430727e-01
-9.826971006283641286e-01
3.749418241381392569e-01
3.229921868989449329e-02
3.528930226125664982e-02
-7.139860679661085285e-01
3.009293539536304074e-01
-1.000000000000000000e+00
-1.000000000000000000e+00
-4.911008799058432794e-01
-1.000000000000000000e+00
4.732233505767321491e-01
4.516117284872283033e-01
-4.401900247329632032e-01
-1.000000000000000000e+00
9.867305330452860179e-01
-6.009708388338904639e-01
-8.214197459574600346e-01
4.210133777092389673e-01
3.392656529828224077e-01
-8.000744619342411434e-01
1.000000000000000000e+00
-4.460192412123279992e-01
-8.984554645586442234e-01
-1.000000000000000000e+00
0.000000000000000000e+00
-7.719014197021148993e-01
-1.285182519245579025e-01
-6.757206568282214665e-04
-1.331818040182131124e-02
1.000000000000000000e+00
-5.559813461781315524e-01
9.510790873392882538e-02
6.329530024168746882e-01
-1.000000000000000000e+00
-7.420096022613406062e-01
1.000000000000000000e+00
3.744703369275360905e-02
-6.638938938898946152e-01
1.000000000000000000e+00
1.000000000000000000e+00
-3.109264778265004026e-01
-1.000000000000000000e+00
-3.356076871455164756e-01
-1.000000000000000000e+00
1.000000000000000000e+00
-1.000000000000000000e+00
-1.000000000000000000e+00
-1.000000000000000000e+00
-1.000000000000000000e+00
-1.000000000000000000e+00
-3.186581706388811330e-01
-3.945691433624324285e-01
-1.000000000000000000e+00
3.005649599620366930e-01
-6.899657295198606821e-01
5.739611518838674264e-01
1.000000000000000000e+00
-3.725754165197832091e-01
1.000000000000000000e+00
6.790509582654079557e-01
1.000000000000000000e+00
-3.082823351990188754e-01
1.000000000000000000e+00
1.000000000000000000e+00
-1.000000000000000000e+00
4.723562386323686968e-01
-1.000000000000000000e+00
-1.000000000000000000e+00
1.000000000000000000e+00
9.343426512727918132e-01
1.006745079530813880e-01
-2.656919089240485365e-01
9.831859018673849704e-01
3.675427101767860250e-01
-1.000000000000000000e+00
-1.913217311436699042e-02
-5.852762183773643212e-01
3.013462845497216769e-02
-6.888077972335590049e-01
4.304446600001373691e-01
-8.933746787162485381e-01
2.188760561103831881e-01
1.000000000000000000e+00
-1.000000000000000000e+00
4.498265676773641752e-01
-1.000000000000000000e+00
-7.627771669298796242e-01
6.248531574129689847e-01
-7.262586782609473657e-01
8.203262526131127608e-01
-1.000000000000000000e+00
-1.000000000000000000e+00
-1.000000000000000000e+00
5.509901863486803553e-01
-2.374528820726024003e-01
1.000000000000000000e+00
1.479995488645201029e-01
-7.443872005684106785e-01
-5.008217571970714488e-01
-1.000000000000000000e+00
-6.201944648289664519e-02
-9.418649570550170491e-01
-1.000000000000000000e+00
-1.000000000000000000e+00
9.902173763086158376e-01
1.000000000000000000e+00
-4.155718720860761550e-01
-9.451700875345018238e-01
5.914751440201615473e-01
-5.906514565274467721e-02
-9.784633419205435167e-02
-7.582411289735179194e-01
-1.000000000000000000e+00
-1.000000000000000000e+00
2.954048558817063408e-01
4.083965882566494843e-01
-7.515752385567102678e-01
-1.000000000000000000e+00
-1.029035699351894539e-01
-1.000000000000000000e+00
-6.238203813338599746e-02
9.028747459635350081e-01
1.602265767014728892e-01
-9.232772190667569712e-01
6.044218966081813527e-01
4.183137350675547594e-01
-9.441419619966776589e-01
7.550172834130236543e-01
5.230230235035256969e-01
1.000000000000000000e+00
6.895852197060106104e-01
1.000000000000000000e+00
-1.000000000000000000e+00
6.746476527390782296e-01
7.547287067233843239e-01
-1.000000000000000000e+00
-5.554507854308970982e-01
3.894727650992437229e-01
1.000000000000000000e+00
1.000000000000000000e+00
1.000000000000000000e+00
-3.527113955378150534e-01
1.000000000000000000e+00
1.000000000000000000e+00
5.974268534094967498e-02
-1.000000000000000000e+00
-1.000000000000000000e+00
9.035071375085723666e-01
1.000000000000000000e+00
7.032348678485815796e-01
-1.000000000000000000e+00
-1.000000000000000000e+00
1.000000000000000000e+00
-1.000000000000000000e+00
-6.270022675534924206e-01
8.719427473034615517e-01
