generation,best_fitness,mean_fitness,std_fitness
0,92.690612,7.960942,26.382733
1,92.690612,28.736177,39.213702
2,92.690612,43.35895,40.234264
3,92.690612,56.369632,38.78942
4,93.13194,70.929695,30.4383
5,93.13194,76.325155,26.445811
6,93.13194,81.99952,20.310796
7,93.13194,88.20539,7.008166
8,93.13194,89.053121,5.637263
9,93.13194,90.055968,3.385642
10,93.13194,90.514619,3.018889
11,93.13194,90.829446,2.572424
12,93.37505,91.080612,2.448762
13,93.37505,91.310741,1.881246
14,93.37505,91.593096,0.926472
15,93.37505,91.678354,0.818205
16,93.37505,91.698554,0.798687
17,93.37505,91.796947,0.486802
18,93.37505,91.808947,0.493842
19,93.37505,91.883476,0.531013
20,93.37505,91.92352,0.548112
21,93.37505,91.950316,0.557426
22,93.37505,91.988289,0.570318
23,93.37505,92.013438,0.57374
24,93.37505,92.018256,0.571348
25,93.37505,92.042205,0.578929
26,93.37505,92.098695,0.575363
27,93.37505,92.138291,0.568799
28,93.37505,92.145826,0.571156
29,93.37505,92.172239,0.566873
30,93.37505,92.192672,0.556914
31,93.37505,92.198729,0.558799
32,93.37505,92.226316,0.555031
33,93.37505,92.246871,0.560842
34,93.37505,92.273669,0.559488
35,93.37505,92.27656,0.560887
36,93.37505,92.297723,0.550749
37,93.37505,92.330731,0.540278
38,93.37505,92.364853,0.534975
39,93.37505,92.380495,0.52897
40,93.37505,92.412872,0.525783
41,93.37505,92.439533,0.506775
42,93.37505,92.462883,0.498283
43,93.37505,92.473701,0.488708
44,93.37505,92.479701,0.480211
45,93.37505,92.496957,0.46995
46,93.37505,92.502858,0.467135
47,93.37505,92.51792,0.448278
48,93.37505,92.545465,0.414509
49,93.37505,92.55991,0.412502
50,93.37505,92.562527,0.41135
51,93.37505,92.562527,0.41135
52,93.37505,92.58958,0.397947
53,93.37505,92.605088,0.388408
54,93.37505,92.616815,0.373942
55,93.882006,92.641971,0.383724
56,93.882006,92.644536,0.378849
57,93.882006,92.651391,0.382877
58,93.882006,92.681056,0.394758
59,93.882006,92.683471,0.395547
60,93.888012,92.698192,0.406695
61,93.888012,92.698605,0.406708
62,93.888012,92.71219,0.393438
63,93.888012,92.731616,0.3687
64,93.888012,92.731616,0.3687
65,93.888012,92.731616,0.3687
66,93.888012,92.732051,0.368626
67,93.888012,92.734,0.36598
68,93.888012,92.746872,0.343833
69,93.888012,92.749641,0.34136
70,93.888012,92.768087,0.322516
71,93.888012,92.772129,0.321473
72,93.888012,92.77528,0.318675
73,93.888012,92.782129,0.323173
74,93.888012,92.79819,0.314864
75,93.888012,92.800941,0.317214
76,93.888012,92.807356,0.321377
77,93.888012,92.812914,0.323356
78,93.888012,92.830588,0.331793
79,93.888012,92.833421,0.329662
80,93.888012,92.833421,0.329662
81,93.888012,92.833856,0.329444
82,93.888012,92.833856,0.329444
83,93.888012,92.835619,0.329436
84,93.888012,92.838741,0.329526
85,93.888012,92.845648,0.322043
86,93.888012,92.84877,0.322038
87,93.888012,92.850624,0.321656
88,93.888012,92.851746,0.321291
89,93.888012,92.851746,0.321291
90,93.888012,92.851746,0.321291
91,93.888012,92.851746,0.321291
92,93.888012,92.858167,0.317305
93,93.888012,92.864603,0.307152
94,93.888012,92.864603,0.307152
95,93.888012,92.864603,0.307152
96,93.888012,92.865038,0.306874
97,93.888012,92.866984,0.307941
98,93.888012,92.866984,0.307941
99,93.888012,92.86742,0.307661
100,93.888012,92.86742,0.307661
101,93.894055,92.884287,0.317705
102,93.894055,92.899379,0.320241
103,93.894055,92.904569,0.32102
104,93.894055,92.905004,0.3207
105,93.894055,92.905004,0.3207
106,93.894055,92.909563,0.323484
107,93.894055,92.915927,0.329652
108,93.894055,92.931056,0.31644
109,93.894055,92.931274,0.316282
110,93.894055,92.939716,0.322116
111,93.894055,92.943007,0.324418
112,93.894055,92.943652,0.3246
113,93.894055,92.947903,0.323469
114,93.894055,92.955336,0.331555
115,93.894055,92.955336,0.331555
116,93.894055,92.957749,0.330496
117,93.894055,92.970939,0.333574
118,93.894055,92.973781,0.334325
119,93.894055,92.976194,0.333142
120,93.894055,92.976194,0.333142
121,93.894055,92.994033,0.331203
122,93.894055,93.003143,0.33269
123,93.894055,93.003143,0.33269
124,93.894055,93.010035,0.332379
125,93.894055,93.01385,0.330877
126,93.894055,93.01385,0.330877
127,93.894055,93.021568,0.329565
128,93.894055,93.026342,0.331687
129,93.894055,93.026342,0.331687
130,93.894055,93.027396,0.330784
131,93.894055,93.031279,0.334884
132,93.894055,93.031279,0.334884
133,93.894055,93.035695,0.333271
134,93.894055,93.035695,0.333271
135,93.894055,93.035695,0.333271
136,93.894055,93.035695,0.333271
137,93.894055,93.047729,0.342201
138,93.894055,93.048783,0.34126
139,93.894055,93.049838,0.340313
140,93.894055,93.049838,0.340313
141,93.894055,93.049838,0.340313
142,93.894055,93.051838,0.340618
143,93.894055,93.051838,0.340618
144,93.894055,93.059854,0.339745
145,93.894055,93.061188,0.340564
146,93.894055,93.064689,0.345098
147,93.894055,93.067354,0.344997
148,93.894055,93.076783,0.344545
149,93.894055,93.077559,0.345206
150,93.894055,93.0796,0.346124
151,93.894055,93.0796,0.346124
152,93.894055,93.08764,0.343799
153,93.894055,93.088694,0.34274
154,93.894055,93.088694,0.34274
155,93.894055,93.088694,0.34274
156,93.894055,93.088694,0.34274
157,93.894055,93.088694,0.34274
158,93.894055,93.088694,0.34274
159,93.894055,93.088694,0.34274
160,93.894055,93.093108,0.340419
161,93.894055,93.093108,0.340419
162,93.894055,93.099022,0.338507
163,93.894055,93.101062,0.339314
164,93.894055,93.101062,0.339314
165,93.894055,93.110976,0.341652
166,93.894055,93.110976,0.341652
167,93.894055,93.110976,0.341652
168,93.894055,93.110976,0.341652
169,93.894055,93.110976,0.341652
170,93.894055,93.1201,0.336939
171,93.894055,93.123334,0.334222
172,93.894055,93.129976,0.333321
173,93.894055,93.129976,0.333321
174,93.894055,93.1393,0.326872
175,93.894055,93.1393,0.326872
176,93.894055,93.149854,0.323103
177,93.894055,93.156589,0.319791
178,93.894055,93.169003,0.324582
179,93.894055,93.17307,0.322424
180,93.894055,93.178387,0.320542
181,93.894055,93.186177,0.317411
182,93.894055,93.186177,0.317411
183,93.894055,93.186885,0.316922
184,93.894055,93.186885,0.316922
185,93.894055,93.186898,0.316914
186,93.894055,93.186898,0.316914
187,93.894055,93.187606,0.316422
188,93.894055,93.187606,0.316422
189,93.894055,93.187606,0.316422
190,93.894055,93.191227,0.317833
191,93.894055,93.195168,0.314868
192,93.894055,93.199235,0.314984
193,93.894055,93.209848,0.311811
194,93.894055,93.217037,0.308021
195,93.894055,93.222159,0.303449
196,93.894055,93.222159,0.303449
197,93.894055,93.222159,0.303449
198,93.894055,93.225281,0.299546
199,93.894055,93.236801,0.29202
200,93.894055,93.237535,0.292361
201,93.894055,93.246311,0.284459
202,93.894055,93.259636,0.275965
203,93.894055,93.261704,0.276306
204,93.894055,93.261704,0.276306
205,93.894055,93.264909,0.276523
206,93.894055,93.266619,0.276507
207,93.894055,93.266619,0.276507
208,93.894055,93.266619,0.276507
209,93.894055,93.271395,0.274804
210,93.894055,93.271395,0.274804
211,93.894055,93.271395,0.274804
212,93.894055,93.276517,0.268636
213,93.894055,93.276517,0.268636
214,93.894055,93.282221,0.262999
215,93.894055,93.283513,0.262923
216,93.894055,93.283513,0.262923
217,93.894055,93.283513,0.262923
218,93.894055,93.283556,0.26291
219,93.894055,93.283556,0.26291
220,93.894055,93.28742,0.263062
221,93.894055,93.28742,0.263062
222,93.894055,93.289446,0.263215
223,93.894055,93.292222,0.263003
224,93.894055,93.292222,0.263003
225,93.894055,93.303022,0.267736
226,93.894055,93.305798,0.267386
227,93.894055,93.315307,0.26717
228,93.894055,93.315997,0.266978
229,93.894055,93.315997,0.266978
230,93.894055,93.315997,0.266978
231,93.894055,93.316773,0.267136
232,93.894055,93.318109,0.267263
233,93.894055,93.318109,0.267263
234,93.894055,93.318885,0.267415
235,93.894055,93.318885,0.267415
236,93.894055,93.318885,0.267415
237,93.894055,93.318885,0.267415
238,93.894055,93.318885,0.267415
239,93.894055,93.319669,0.267795
240,93.894055,93.322007,0.265507
241,93.894055,93.322007,0.265507
242,93.894055,93.322007,0.265507
243,93.894055,93.328652,0.270704
244,93.894055,93.328652,0.270704
245,93.894055,93.332075,0.269539
246,93.894055,93.332075,0.269539
247,93.894055,93.338452,0.262337
248,93.894055,93.339506,0.259932
249,93.894055,93.340813,0.258911
250,93.894055,93.34288,0.255354
251,93.894055,93.34288,0.255354
252,93.894055,93.34288,0.255354
253,93.894055,93.34288,0.255354
254,93.894055,93.346279,0.257495
255,93.894055,93.348346,0.257164
256,93.894055,93.348346,0.257164
257,93.894055,93.355416,0.253509
258,93.894055,93.357416,0.2515
259,93.894055,93.367407,0.241959
260,93.894055,93.373409,0.233159
261,93.894055,93.373409,0.233159
262,93.894055,93.373409,0.233159
263,93.894055,93.377941,0.23176
264,93.894055,93.377941,0.23176
265,93.894055,93.382725,0.231388
266,93.894055,93.384793,0.230694
267,93.894055,93.385915,0.227687
268,93.894055,93.386622,0.227007
269,93.894055,93.386967,0.227015
270,93.894055,93.390967,0.220106
271,93.894055,93.396595,0.213205
272,93.894055,93.399956,0.206247
273,93.894055,93.399956,0.206247
274,93.894055,93.399956,0.206247
275,93.894055,93.399956,0.206247
276,93.894055,93.402024,0.205294
277,93.894055,93.402024,0.205294
278,93.894055,93.402024,0.205294
279,93.894055,93.402024,0.205294
280,93.894055,93.402024,0.205294
281,93.894055,93.404092,0.204316
282,93.894055,93.406868,0.202477
283,93.894055,93.406868,0.202477
284,93.894055,93.406868,0.202477
285,93.894055,93.408936,0.201435
286,93.894055,93.40967,0.201303
287,93.894055,93.40967,0.201303
288,93.894055,93.40967,0.201303
289,93.894055,93.410404,0.201167
290,93.894055,93.410404,0.201167
291,93.894055,93.410404,0.201167
292,93.894055,93.410404,0.201167
293,93.894055,93.413526,0.192195
294,93.894055,93.413526,0.192195
295,93.894055,93.414302,0.192021
296,93.894055,93.414302,0.192021
297,93.894055,93.414302,0.192021
298,93.894055,93.415078,0.191843
299,93.894055,93.415078,0.191843
