-1.000000000000000000e+00
1.000000000000000000e+00
5.027414646784675867e-01
-5.127702249294805448e-01
-9.117954938716119617e-01
-4.906591311989568771e-01
1.469617782756815760e-01
1.000000000000000000e+00
-4.689929182017542608e-01
1.000000000000000000e+00
4.938605310895997080e-01
-2.850919061019503986e-01
1.000000000000000000e+00
-7.642194051576566283e-01
-1.000000000000000000e+00
1.000000000000000000e+00
1.000000000000000000e+00
-2.562262449187745483e-01
7.587798356461837868e-01
-6.883497616906688599e-01
-2.549250432770422403e-01
6.700731860979930454e-02
1.000000000000000000e+00
-9.834817811149970668e-01
-1.000000000000000000e+00
-6.721041638721008127e-01
-8.909804141990727011e-01
3.090205936514902607e-01
8.213732689088374395e-01
1.000000000000000000e+00
8.249924336768730271e-01
2.772389356928737225e-01
2.052873578393911158e-01
-1.000000000000000000e+00
-1.000000000000000000e+00
4.208354555893967230e-01
-7.603991003912156099e-01
-4.506204646032672123e-01
-5.578272416775793552e-01
-9.635880380515093879e-01
1.000000000000000000e+00
-4.724179844358061819e-01
-5.093557510781402398e-01
-5.233678611611631837e-01
8.656633027653579671e-01
5.306755443923392157e-01
-9.947363391453596382e-01
-1.137593424532706843e-01
-1.000000000000000000e+00
-4.801825760900670925e-01
-9.237329778776235401e-01
8.720115722792973756e-01
-1.000000000000000000e+00
-7.387510251788085291e-01
-1.000000000000000000e+00
1.126021689632242806e-01
-1.000000000000000000e+00
-3.166450898700899352e-01
-1.000000000000000000e+00
-9.664906848376622062e-01
9.900572839726784480e-02
3.553085923331613660e-01
-1.000000000000000000e+00
1.000000000000000000e+00
1.000000000000000000e+00
-6.648232341018299740e-01
-1.000000000000000000e+00
-3.149669437483358370e-01
1.419946621645807316e-01
-1.000000000000000000e+00
-5.628662598582820920e-01
5.180741615900975594e-01
-1.000000000000000000e+00
-1.000000000000000000e+00
-7.821547884632851222e-03
2.037333516210514395e-01
-8.094769468603181251e-01
1.000000000000000000e+00
8.240845940006638060e-01
-8.808416154119518282e-01
7.593533038772695143e-01
-3.098392095346782504e-01
1.000000000000000000e+00
-1.000000000000000000e+00
-9.996903737008161484e-01
7.417248805976639492e-01
6.203953646727533577e-01
-5.937558297371146043e-01
1.000000000000000000e+00
1.000000000000000000e+00
4.290096061847765707e-01
-3.243032296604713705e-01
3.331269579270945691e-01
-4.612624807537694660e-01
-7.355211217510204680e-02
-1.000000000000000000e+00
1.000000000000000000e+00
-8.682127347712238485e-01
1.454747813985851623e-02
-1.000000000000000000e+00
7.662924864912301626e-01
-6.693855651777045335e-01
1.000000000000000000e+00
-5.653331023025385260e-01
1.000000000000000000e+00
1.527989443097935440e-01
-2.313450325822264397e-01
1.000000000000000000e+00
-1.000000000000000000e+00
-5.343768082906883432e-01
-8.028102309572989759e-01
-1.000000000000000000e+00
-1.000000000000000000e+00
1.000000000000000000e+00
-1.000000000000000000e+00
2.547681229395835634e-01
-1.000000000000000000e+00
1.000000000000000000e+00
1.000000000000000000e+00
1.000000000000000000e+00
-9.547631079557898914e-01
4.776967801970723460e-01
5.594854821227307484e-02
5.139319801173805047e-01
1.000000000000000000e+00
4.825390875991028006e-01
1.000000000000000000e+00
1.951621622393234778e-01
3.391441504384204442e-01
9.932319067408155178e-01
2.257051304524951008e-01
-5.826227377843523625e-01
4.419666525041220373e-01
-2.523231703741711796e-01
9.684126901762335482e-02
-1.000000000000000000e+00
-3.931748993657604441e-01
1.322899509130276985e-01
3.885655503515149656e-01
1.000000000000000000e+00
1.000000000000000000e+00
1.000000000000000000e+00
-7.408824472210651102e-02
-1.000000000000000000e+00
1.000000000000000000e+00
-1.000000000000000000e+00
2.018133579048060344e-01
-1.000000000000000000e+00
1.000000000000000000e+00
2.381432054602670156e-01
9.508109955853510931e-01
-7.049682095912911395e-01
1.446568486476726978e-01
-5.466640201976527003e-01
1.000000000000000000e+00
-3.099353059077477601e-01
-1.840257516530713344e-01
-1.764394414282912660e-01
1.172496052919633769e-01
-1.000000000000000000e+00
-1.000000000000000000e+00
-3.177480271048771510e-02
-2.109276430059828789e-01
4.078239999695619789e-01
7.910858095875633600e-01
-3.470711888868147632e-01
-1.000000000000000000e+00
1.261939309891033645e-01
1.000000000000000000e+00
6.811995021530765637e-01
-7.842822733184644513e-01
1.000000000000000000e+00
-4.837917497901665920e-01
4.723381397532374626e-01
1.000000000000000000e+00
-7.340969246479989163e-01
-5.936914329681131086e-03
3.933102318549537291e-01
-1.000000000000000000e+00
-9.155861202222448370e-01
5.215086605165588640e-01
-9.490764478678848093e-01
1.000000000000000000e+00
1.000000000000000000e+00
1.000000000000000000e+00
-1.000000000000000000e+00
3.346032755427609806e-01
4.212993808383393990e-01
9.339705148426391546e-02
-7.828422681318873977e-01
-1.000000000000000000e+00
-1.000000000000000000e+00
7.202165035379928248e-01
-1.000000000000000000e+00
2.927729940375720652e-01
-1.000000000000000000e+00
-3.665789825049501904e-01
-1.000000000000000000e+00
-1.000000000000000000e+00
2.332351048332855781e-01
2.167814908838386900e-01
-1.797820295179821670e-01
1.000000000000000000e+00
-1.000000000000000000e+00
-2.044306589994300261e-01
2.014414973072991000e-01
-3.300138033357577494e-01
1.000000000000000000e+00
8.261691776732211778e-01
-3.886760843595702952e-01
-1.000000000000000000e+00
-1.000000000000000000e+00
-1.655916535439888038e-01
-9.164908765730230833e-01
-4.524168212699125613e-01
-1.168954649823648051e-01
5.371093669616306965e-01
1.000000000000000000e+00
-9.805786187401753784e-01
7.253258750031013058e-01
-1.255713546666797908e-01
-4.293530365255128767e-01
6.881885747330582781e-01
-6.643621438024920334e-01
-5.073702831876176766e-01
-5.747501467655655727e-01
-8.159731262520164563e-01
1.000000000000000000e+00
-5.856675224058399687e-01
-1.000000000000000000e+00
-5.246659453899493730e-01
-6.522623247898550192e-01
-7.252042298075773719e-01
-1.301938182240279240e-01
5.934554124311579582e-01
-9.362820178480935063e-01
-1.000000000000000000e+00
8.899828629476698172e-01
9.837244769352627705e-01
1.000000000000000000e+00
7.154413523655813734e-01
9.685194235117831063e-01
1.000000000000000000e+00
-4.890141023071446491e-01
1.000000000000000000e+00
8.053479278717528000e-01
-2.622495011544293542e-01
-1.000000000000000000e+00
1.400055253599001293e-01
5.241374767850764949e-02
-1.785719187168863242e-01
1.000000000000000000e+00
4.226684012421779713e-01
1.000000000000000000e+00
-1.694734193700084268e-01
-8.510581809197154124e-01
1.000000000000000000e+00
5.484353989245636107e-01
7.531930790597882730e-01
5.600349686865115917e-01
-8.376781262961241481e-02
1.000000000000000000e+00
1.052000146604259445e-02
-1.000000000000000000e+00
-2.078357792302282236e-02
