generation,best_fitness,mean_fitness,std_fitness
0,39.122264,-4.251874,6.986569
1,39.122264,-1.594742,10.943427
2,39.122264,-0.128351,12.078575
3,57.018586,5.27286,16.480373
4,57.018586,9.817043,18.440656
5,94.852506,15.4049,20.419328
6,94.852506,23.113066,19.064377
7,94.852506,26.512442,17.977414
8,94.852506,28.760145,17.273251
9,94.852506,33.043466,15.96903
10,94.852506,35.168883,15.129475
11,94.852506,36.606272,14.298386
12,94.852506,38.474249,12.673606
13,94.852506,40.442417,11.622951
14,94.852506,42.680996,12.137009
15,94.852506,43.588083,12.302174
16,94.852506,44.398061,11.887337
17,94.852506,45.831156,11.355903
18,94.852506,46.189561,10.922712
19,94.852506,46.911612,10.876419
20,94.852506,47.446428,10.629196
21,94.852506,48.341603,9.942203
22,94.852506,48.976606,9.531768
23,94.852506,49.153963,9.429455
24,94.852506,50.051974,9.108625
25,94.852506,50.952067,9.138445
26,94.852506,51.752792,9.232212
27,94.852506,52.202968,8.994815
28,94.852506,52.203759,8.994463
29,94.852506,52.382154,8.909167
30,94.852506,53.002975,8.982597
31,94.852506,53.272829,8.873796
32,94.852506,53.804585,9.250052
33,94.852506,54.347324,9.332438
34,94.852506,54.706334,9.173689
35,94.852506,54.97305,9.019352
36,94.852506,55.242283,9.034031
37,94.852506,55.699408,9.06894
38,94.852506,55.701302,9.067314
39,94.852506,55.880562,9.002121
40,94.852506,56.062087,9.013831
41,94.852506,56.155142,9.058665
42,94.852506,56.243321,8.935963
43,94.852506,56.689997,9.193071
44,94.852506,56.95201,9.067601
45,94.852506,57.049093,9.112764
46,94.852506,57.318134,9.241441
47,94.852506,57.971287,9.901155
48,94.852506,58.427663,9.818709
49,94.852506,58.7891,9.764072
50,94.852506,59.356668,9.968143
51,94.852506,59.356668,9.968143
52,94.852506,59.356668,9.968143
53,94.852506,60.077051,9.933533
54,94.852506,60.166204,10.026735
55,94.852506,60.259489,9.956649
56,94.852506,60.435981,9.737108
57,94.852506,60.894014,9.959423
58,94.882006,61.783861,10.580583
59,94.882006,61.961427,10.498799
60,94.882006,62.05793,10.413917
61,94.882006,62.05793,10.413917
62,94.882006,62.269204,10.700633
63,94.882006,62.828184,11.075146
64,94.882006,63.231568,11.263058
65,94.882006,63.700884,11.59374
66,94.882006,63.703907,11.591995
67,94.882006,63.795222,11.646524
68,94.882006,63.795222,11.646524
69,94.882006,63.885563,11.558436
70,94.882006,64.064877,11.450701
71,94.882006,64.156828,11.429075
72,94.882006,64.34022,11.311508
73,94.882006,64.34022,11.311508
74,94.882006,64.34022,11.311508
75,94.882006,64.34022,11.311508
76,94.882006,64.610278,11.31211
77,94.882006,64.98155,11.354219
78,94.882006,65.358036,11.70873
79,94.882006,65.358036,11.70873
80,94.882006,65.445523,11.613016
81,94.882006,65.446111,11.612587
82,94.882006,65.914627,11.844715
83,94.882006,66.004567,11.876394
84,94.882006,66.09696,11.842108
85,94.882006,66.09696,11.842108
86,94.882006,66.09696,11.842108
87,94.882006,66.101004,11.839032
88,94.882006,66.453911,11.901803
89,94.937405,66.832674,12.195203
90,94.937405,67.012594,12.049073
91,94.937405,67.012943,12.048788
92,94.937405,67.106561,11.937203
93,94.937405,67.571167,12.008053
94,94.937405,67.571167,12.008053
95,94.937405,67.575601,12.004073
96,94.937405,67.660063,11.960396
97,94.937405,67.834678,11.933335
98,94.937405,67.834678,11.933335
99,94.937405,68.096969,11.852529
100,94.937405,68.096969,11.852529
101,94.937405,68.185044,11.803972
102,94.937405,68.360889,11.767161
103,94.937405,68.362388,11.76592
104,94.937405,68.366126,11.765173
105,94.937405,68.366126,11.765173
106,94.937405,68.649233,12.033654
107,94.937405,68.929104,12.08273
108,94.937405,69.559134,12.485542
109,94.937405,69.652878,12.491322
110,94.937405,69.652878,12.491322
111,94.937405,69.652878,12.491322
112,94.937405,69.738623,12.433598
113,94.937405,70.214808,12.688234
114,94.937405,70.318893,12.845695
115,94.937405,70.49899,12.848925
116,94.937405,70.588017,12.78754
117,94.937405,70.679739,12.657597
118,94.937405,70.853677,12.589778
119,94.937405,70.853728,12.589723
120,94.937405,70.856241,12.586986
121,94.937405,71.233956,12.73182
122,94.937405,71.521103,12.934323
123,94.937405,71.611306,12.864096
124,94.937405,71.703869,12.856785
125,94.937405,71.703869,12.856785
126,94.937405,71.778737,12.853839
127,94.937405,71.867532,12.720678
128,94.937405,71.958161,12.712308
129,94.937405,72.706649,12.92781
130,94.937405,72.796209,12.850346
131,94.937405,73.082136,13.017363
132,94.937405,73.082136,13.017363
133,94.937405,73.082136,13.017363
134,94.937405,73.082136,13.017363
135,94.937405,73.361999,12.92162
136,94.937405,73.451279,12.840716
137,94.937405,73.626681,12.735344
138,94.937405,73.629208,12.735637
139,94.937405,74.004651,12.801201
140,94.937405,74.09676,12.776743
141,94.937405,74.09676,12.776743
142,94.937405,74.447116,12.789916
143,94.937405,74.447116,12.789916
144,94.937405,74.447116,12.789916
145,94.937405,74.642267,12.948878
146,94.937405,74.919667,12.79409
147,94.937405,74.919667,12.79409
148,94.937405,74.919667,12.79409
149,94.937405,74.920764,12.795798
150,94.937405,74.930203,12.787583
151,94.937405,74.930203,12.787583
152,94.937405,74.930203,12.787583
153,94.937405,74.936874,12.782884
154,94.937405,75.133805,12.936303
155,94.937405,75.504786,12.950345
156,94.937405,75.504786,12.950345
157,94.937405,76.265626,13.016138
158,94.937405,76.372116,12.994112
159,94.937405,76.374348,12.992355
160,94.937405,76.462714,12.891142
161,94.937405,76.462714,12.891142
162,94.937405,76.463524,12.890499
163,94.937405,76.463524,12.890499
164,94.937405,76.73239,12.640449
165,94.937405,76.916914,12.616822
166,94.937405,76.916914,12.616822
167,94.937405,76.919478,12.616461
168,94.937405,76.921671,12.613019
169,94.937405,77.123389,12.601612
170,94.937405,77.123865,12.601541
171,94.937405,77.258849,12.646285
172,94.937405,77.349472,12.59908
173,94.937405,77.349472,12.59908
174,94.937405,77.529442,12.566998
175,94.937405,77.529442,12.566998
176,94.937405,77.617448,12.657197
177,94.937405,77.815163,12.768908
178,94.937405,77.993782,12.667725
179,94.937405,77.993782,12.667725
180,94.937405,77.993782,12.667725
181,94.937405,78.311257,12.799886
182,94.937405,78.973191,12.557808
183,94.937405,78.973191,12.557808
184,94.937405,79.349242,12.462255
185,94.937405,79.349242,12.462255
186,94.937405,79.44298,12.395244
187,94.937405,79.644378,12.343062
188,94.937405,79.736161,12.275301
189,94.937405,79.736161,12.275301
190,94.937405,79.736161,12.275301
191,94.937405,80.132051,12.435871
192,94.937405,80.132051,12.435871
193,94.937405,80.132051,12.435871
194,94.937405,80.132051,12.435871
195,94.937405,80.132051,12.435871
196,94.937405,80.132051,12.435871
197,94.937405,80.2975,12.377912
198,94.937405,80.2975,12.377912
199,94.937405,80.2975,12.377912
200,94.937405,80.2975,12.377912
201,94.937405,80.501445,12.308704
202,94.937405,80.506918,12.306212
203,94.937405,80.506918,12.306212
204,94.937405,80.506918,12.306212
205,94.937405,80.506918,12.306212
206,94.937405,80.557106,12.342991
207,94.937405,80.557106,12.342991
208,94.937405,80.559669,12.341866
209,94.937405,80.559669,12.341866
210,94.937405,80.559669,12.341866
211,94.937405,80.559669,12.341866
212,94.937405,80.559669,12.341866
213,94.937405,80.559669,12.341866
214,94.937405,80.559669,12.341866
215,94.937405,80.80703,12.304476
216,94.937405,80.903009,12.223209
217,94.937405,80.903009,12.223209
218,94.937405,81.016557,12.295116
219,94.937405,81.107897,12.217445
220,94.937405,81.108571,12.218202
221,94.937405,81.111134,12.215061
222,94.937405,81.111134,12.215061
223,94.937405,81.193978,12.142
224,94.937405,81.195909,12.14291
225,94.937405,81.195909,12.14291
226,94.937405,81.195909,12.14291
227,94.937405,81.195909,12.14291
228,94.937405,81.195909,12.14291
229,94.937405,81.399553,12.200443
230,94.937405,81.774493,12.107836
231,94.937405,81.774493,12.107836
232,94.937405,81.775523,12.108946
233,94.937405,81.977957,12.155443
234,94.937405,81.984626,12.151575
235,94.937405,81.984626,12.151575
236,94.937405,81.984626,12.151575
237,94.937405,82.186242,11.923338
238,94.937405,82.186242,11.923338
239,94.937405,82.273989,11.980795
240,94.937405,82.509193,11.882462
241,94.937405,82.596313,11.94007
242,94.937405,82.870144,12.035519
243,94.937405,82.870144,12.035519
244,94.937405,83.360178,11.858385
245,94.937405,83.735384,11.61809
246,94.937405,83.735398,11.618067
247,94.937405,83.735398,11.618067
248,94.937405,84.013062,11.317063
249,94.937405,84.104957,11.135163
250,94.937405,84.104957,11.135163
251,94.937405,84.106755,11.132257
252,94.937405,84.106755,11.132257
253,94.937405,84.106755,11.132257
254,94.937405,84.106755,11.132257
255,94.937405,84.106755,11.132257
256,94.937405,84.106755,11.132257
257,94.937405,84.210894,11.09776
258,94.937405,84.407349,11.110509
259,94.937405,84.407349,11.110509
260,94.937405,84.499761,10.995093
261,94.937405,84.499761,10.995093
262,94.937405,84.508705,10.985263
263,94.937405,84.508705,10.985263
264,94.937405,84.508705,10.985263
265,94.937405,84.508705,10.985263
266,94.937405,84.509087,10.984941
267,94.937405,84.509748,10.985565
268,94.937405,84.509748,10.985565
269,94.937405,84.509748,10.985565
270,94.937405,84.560444,11.021422
271,94.937405,84.560566,11.021535
272,94.937405,84.560566,11.021535
273,94.937405,84.757678,11.028425
274,94.937405,85.441266,10.896269
275,94.937405,85.441266,10.896269
276,94.937405,85.441266,10.896269
277,94.937405,85.505085,10.93206
278,94.937405,85.505085,10.93206
279,94.937405,85.505085,10.93206
280,94.937405,85.505085,10.93206
281,94.937405,85.505085,10.93206
282,94.937405,85.988134,10.781235
283,94.937405,86.101954,10.803364
284,94.937405,86.101954,10.803364
285,94.937405,86.101954,10.803364
286,94.937405,86.101954,10.803364
287,94.937405,86.101954,10.803364
288,94.937405,86.101954,10.803364
289,94.937405,86.101954,10.803364
290,94.937405,86.101954,10.803364
291,94.937405,86.101954,10.803364
292,94.937405,86.210316,10.748311
293,94.937405,86.494781,10.595851
294,94.937405,86.494781,10.595851
295,94.937405,86.494781,10.595851
296,94.937405,86.494781,10.595851
297,94.937405,86.494781,10.595851
298,94.937405,86.494781,10.595851
299,94.937405,86.494781,10.595851
