9.123732293561013229e-01
9.437305612408066757e-01
3.144771405964917887e-01
-1.000000000000000000e+00
5.368688284728349025e-01
1.967300506947732008e-01
-1.000000000000000000e+00
-2.108990750738880537e-01
-1.000000000000000000e+00
-9.481154250075833900e-01
1.000000000000000000e+00
-8.701223627980766429e-01
-7.480469003460457067e-01
9.512675004126966982e-01
-1.000000000000000000e+00
-2.504867027357993159e-01
-8.014765263179923771e-01
1.000000000000000000e+00
3.221816006254004661e-01
9.868753359573994022e-01
9.566074594368763062e-01
-9.158382447865391907e-01
7.240421564140422372e-01
2.644836256353462478e-02
5.163633712889685867e-01
-9.415095911119260030e-01
5.446749305194656388e-02
8.562197423950841380e-01
3.993400715230006615e-01
1.000000000000000000e+00
-1.000000000000000000e+00
-4.892894600490716450e-01
-8.368872276188155102e-01
8.865808823315283194e-01
9.698102690900054501e-01
-8.721531698155881029e-01
-1.540961173931864048e-01
7.509419744206216052e-01
-5.399768486198890383e-01
4.021938108248029886e-01
5.976607687859974982e-02
4.195324103589394005e-01
1.000000000000000000e+00
-4.465518989062735589e-01
1.000000000000000000e+00
9.894180262739525888e-01
3.182504495430971136e-01
2.010201402257551229e-02
-1.438831714847577936e-01
-8.143939613380559717e-01
1.000000000000000000e+00
1.000000000000000000e+00
-6.940657966476382335e-01
-9.884422423534299229e-01
8.013117709964832081e-01
4.171862990161702422e-02
-2.761278322616758096e-01
8.820660510929092535e-01
9.172703681200380932e-02
6.945179325549272198e-01
1.914108943064943003e-01
9.523256780001352340e-01
-1.000000000000000000e+00
9.323904211120362384e-02
-4.492904990600651294e-01
-4.742487299084788832e-01
-9.639373141379112830e-01
-6.596822779965643146e-01
-4.489066987076538451e-02
6.778450557177596592e-01
1.000000000000000000e+00
-8.184919102940335645e-03
-8.470808747226645785e-01
-5.259437045217689732e-01
1.000000000000000000e+00
1.000000000000000000e+00
4.747756673192220500e-01
9.096361932444230192e-01
-3.736294433174871532e-01
7.165231676762473523e-01
1.108718351629554011e-01
1.000000000000000000e+00
-1.000000000000000000e+00
6.532672126012528668e-01
1.551536961010889504e-01
9.426612257807112094e-01
9.892892999881156557e-01
1.000000000000000000e+00
-3.872022155174542624e-01
1.772668085786716086e-01
-9.736761112582001942e-01
-9.139444990260535695e-01
-7.337288442815028677e-01
7.188969987411840679e-01
-9.647268141202336444e-01
7.087045681951767984e-01
8.250848139671300707e-01
-2.358035276832375349e-01
-1.000000000000000000e+00
4.114740290649840926e-01
9.775503716248205022e-01
-6.151364828580931920e-01
6.062304167296650448e-02
-1.000000000000000000e+00
-1.000000000000000000e+00
9.699714159266292768e-01
3.426034914685357480e-01
9.866717857538264136e-01
1.000000000000000000e+00
9.847918466123392056e-01
9.384802251635007697e-02
-1.000000000000000000e+00
9.883141681024003589e-01
-1.000000000000000000e+00
6.217208355719854307e-01
-6.953252778790752764e-02
3.266149479152967161e-01
-5.315288043726542622e-01
1.957683100838789603e-01
2.997349829257331399e-02
1.000000000000000000e+00
6.197460602873015034e-01
9.746551294787547670e-01
-1.000000000000000000e+00
7.770925679230544780e-01
4.296207850743685164e-01
1.000000000000000000e+00
-7.311337854213548204e-04
-6.974000799752262392e-01
-1.842557054907884573e-01
-1.000000000000000000e+00
2.483904023762629754e-01
1.000000000000000000e+00
-3.616777391604117931e-01
1.000000000000000000e+00
-8.626846341076870317e-01
-1.000000000000000000e+00
-2.485376659533910515e-01
-9.840699159982299049e-01
3.811586076016937330e-01
3.365468221481028310e-01
-1.000000000000000000e+00
-2.565549981249579670e-01
5.313095022451843619e-01
-9.089670137596370658e-01
1.000000000000000000e+00
-1.605328076446804197e-01
-1.784545189780135654e-01
1.000000000000000000e+00
9.831706553784289593e-01
-5.293570586869117411e-01
7.562009484648728463e-01
-1.000000000000000000e+00
-5.954541576578098461e-01
2.508478883508076240e-01
3.458769759435619262e-01
-3.912380554313638625e-01
4.596057938232175344e-01
1.760495301762049769e-01
-2.170269012321558999e-01
-1.000000000000000000e+00
-1.851723236302180720e-01
2.181982542726714214e-01
1.000000000000000000e+00
-1.000000000000000000e+00
1.000000000000000000e+00
6.843139522732033520e-01
-6.922677558865761860e-01
-9.133433021929660001e-01
-7.881503107732120705e-01
-1.000000000000000000e+00
-4.510109560431557196e-01
1.000000000000000000e+00
-9.265899123886879307e-01
7.286986426092202374e-01
-4.786166642527359683e-01
9.026673836185605815e-02
4.502993995926617421e-01
1.000000000000000000e+00
2.646456989763499301e-01
-7.382700134775996847e-01
-1.701889778514768525e-01
8.647673967451706412e-02
-7.321940606718431166e-01
-1.000000000000000000e+00
6.363725998441677190e-01
8.886331363279417195e-01
1.000000000000000000e+00
-1.000000000000000000e+00
-5.673480034344824396e-02
9.930315962717715106e-01
5.869982861957222520e-01
-9.174414340891556829e-01
-9.755650306786662895e-01
1.000000000000000000e+00
-5.174217427639730138e-01
-1.000000000000000000e+00
1.000000000000000000e+00
-9.672043385742330468e-01
5.946694383542784346e-01
-6.388811589873129027e-01
1.650206600546486047e-01
-7.779531611696821614e-01
2.483002076861249019e-01
-9.715521487786965560e-01
1.977849105089475867e-01
-1.000000000000000000e+00
-9.223679738161016939e-01
-5.381007998090706623e-01
6.166839275066452464e-01
-8.441016389157569577e-01
3.306534586664003350e-01
9.038614589085094408e-01
8.847979396421172815e-01
-6.413301267510970183e-01
-1.000000000000000000e+00
-3.961526842133924475e-01
-4.029146818179387135e-01
-6.716771854774590267e-01
1.000000000000000000e+00
-8.532324818653418408e-01
8.281342924521410964e-01
-6.669505614632134649e-02
4.611799145315740867e-01
9.968273951000377053e-01
2.303334115512530311e-01
-1.817264047779714453e-01
-3.825151068386836162e-01
-9.969425480963497455e-01
3.710162988283910446e-01
-1.000000000000000000e+00
-9.667651559359303759e-01
9.897869692586176438e-01
-9.933588345991006818e-01
-5.155440158191532118e-02
7.201302185378171128e-01
-1.000000000000000000e+00
-7.887643396819227215e-01
-5.046367850292150514e-01
-9.061352194836834739e-01
-4.076386106710583324e-01
5.425727226744686549e-01
1.000000000000000000e+00
5.947152776048099110e-01
6.120835560122556140e-01
9.946135664759061523e-01
1.551173522865824106e-01
2.241066491875247091e-01
1.000000000000000000e+00
1.000000000000000000e+00
1.000000000000000000e+00
5.582691186806606476e-01
6.088437571837235218e-01
-1.000000000000000000e+00
4.033269486097996737e-01
6.280643688146432257e-01
1.000000000000000000e+00
-9.572082954778431407e-01
-9.700430446420048591e-01
-7.764800363428169261e-01
-9.746152809853791954e-01
-8.632358177870458338e-01
-1.000000000000000000e+00
2.202633490315856202e-01
9.554548768584952834e-01
