3.054473815087418442e-01
8.529400704138546674e-01
6.578920298235957365e-01
-9.839906066331036705e-01
-5.141332204413232576e-01
9.555487096226962240e-01
-9.773477106579933071e-01
8.651682197742938119e-01
6.072524264733755173e-01
7.764992097905007995e-01
4.519403508598417440e-01
9.935495559069025262e-01
7.794054507930187059e-02
-9.584062286810192399e-02
9.480957754546068816e-01
-9.312392122127836069e-01
9.748613103444087047e-01
-6.133388299678783628e-01
4.102270599689246122e-01
6.430380169083285136e-01
6.876893596040938306e-01
8.280725254934873103e-02
-6.741139336247473635e-01
-7.721372572048657013e-01
-1.000000000000000000e+00
-3.084130323472131785e-01
-6.449559454987454643e-01
-7.832891542629741854e-01
1.000000000000000000e+00
1.080637847900959847e-01
-5.721713105557664214e-01
6.598287223974728111e-01
4.848780358405116453e-01
1.720669306495341833e-01
-9.351004149739614579e-01
-9.083449812808597201e-01
-3.350161945213061543e-01
-7.982844242807849433e-01
-9.510756847793158109e-01
-3.262242001620272447e-01
9.770507338082683457e-01
1.478404690009111622e-01
7.006059070718282378e-01
-5.872103942872510807e-01
7.119894665845677428e-02
-4.235519956655680596e-01
9.189023819481162425e-01
-2.850202697745059521e-01
-2.448438776765794467e-01
5.643848956917068005e-01
4.574589806903687772e-01
-8.760269831776548166e-01
-8.334602455623594253e-01
5.388892368258423327e-01
-5.101993104185806871e-01
6.348954940975359840e-01
4.753952509848371477e-01
6.793165521184441058e-01
-7.407722416110228414e-01
1.000000000000000000e+00
-9.102487494839945903e-01
9.742822670043826960e-01
5.985089673852206360e-01
-8.074685142334334653e-01
-2.082819758952737521e-01
-1.587144146019994484e-01
8.697611750961589117e-01
-6.867589436961840654e-01
-8.675528257637378227e-01
3.794732743452426393e-01
7.054458675094487097e-01
7.678483713618819984e-01
-3.234427404136317463e-01
-4.583837323391041219e-01
8.285963951230792546e-01
-7.738620830207233459e-01
-2.281600488999527832e-01
6.433658668622926902e-01
-9.088560133568768240e-01
8.155194636634027772e-01
9.068486369940881309e-01
-7.170999860773161760e-01
-2.074941988975019802e-01
-8.471071182177197789e-01
4.897573685430373636e-01
-9.619536369440404577e-01
8.032029850512182323e-01
8.654873926181902988e-01
6.183531604077187049e-01
7.434000851105447838e-01
-3.646044064673709673e-01
6.851506784102496805e-01
2.531160918455467868e-01
9.138260971305174341e-01
-2.216938838089352881e-01
-7.137094619729313916e-01
4.728591495380450871e-01
-8.130280987523522129e-02
8.778689415788309969e-01
-5.573809265090678977e-01
-1.291425584353040334e-01
9.535286170545580475e-01
-4.978238718859692713e-02
-1.675961820995466867e-01
-4.361130435873313838e-01
6.712116064333746301e-01
-2.421480485822254947e-01
6.697371155227368478e-01
2.274300173162030481e-02
-8.176085688673603302e-01
6.221353910621529870e-01
-9.494629985294835706e-01
-9.612162577827002563e-01
-8.527874875367009722e-01
4.727616921691191187e-01
7.804704947017252481e-01
7.806037610053410125e-01
5.575302568907739009e-02
1.000000000000000000e+00
-3.620789568324470631e-01
-7.212796738499742677e-01
-8.838937810680381757e-01
-2.888937339862912568e-01
-8.340981407297236583e-01
-6.031847271489461093e-01
2.837393782120434249e-01
7.084120496165930980e-01
-9.362230206515762543e-01
-2.639521064032666620e-01
-9.207388462345522662e-01
-6.908407362245516659e-01
7.450525749179077728e-01
9.301516517284084129e-01
6.550183553718573748e-01
4.193061065889089334e-01
4.718279286669364025e-01
4.357365007665628953e-01
-6.773930350825503321e-01
-7.887469925019882089e-01
1.772408395001893733e-01
-6.911114128961857173e-01
-9.395803328114981090e-01
-6.767770715225240874e-01
-8.798583688234313804e-01
4.451206993718368476e-01
-7.698901988973685384e-01
4.427156286801550156e-01
7.930049687428866179e-01
2.566734059571110782e-01
-4.122717351746819636e-01
-9.087393083560055818e-01
-6.786716220724927640e-01
-9.462280853335914843e-01
-7.730317154870258722e-01
-3.301853144871169654e-01
2.973341922477612531e-02
-1.000000000000000000e+00
6.665757136887834333e-01
9.180683327837790841e-01
-3.051075659219469327e-01
1.531143159123455333e-01
-3.296424781954188643e-01
8.733619682274529339e-01
-1.000000000000000000e+00
5.317165939363257543e-01
-1.340184648023127756e-01
3.167768868561655071e-01
-3.993097232772518934e-02
9.777934822877235588e-01
9.357599748073743839e-01
-8.080001223873696237e-01
6.911605144869517048e-01
1.862522325374817989e-01
2.230376740725646678e-02
9.522782688856137323e-01
9.609100538164047633e-02
9.597335768435555359e-01
-3.190968664298938773e-01
5.178672884988698710e-01
-7.203440666665308356e-01
-9.229683161843312833e-01
-9.685443879661850275e-01
1.487085273923563489e-01
-8.208515062100643078e-01
-3.124354407983073179e-01
-4.302447554137583396e-01
7.913040349112461236e-01
1.007111995596371712e-01
-7.208557426841291083e-01
6.311890323597001418e-01
-4.211849211294826922e-01
5.097828494556796430e-01
9.299095044913113783e-01
6.047672119536345869e-01
-2.401471772913521541e-01
-2.010523040490769242e-01
-5.202466103729308511e-01
-6.961773415768539586e-01
-5.673237435040507926e-01
8.782619854622550903e-01
-5.867845553379289480e-01
-1.000000000000000000e+00
2.119857366587757364e-02
-7.996572834362292159e-01
9.869405549148529966e-01
-9.204129187333487394e-01
-9.777551489863033352e-01
-1.000000000000000000e+00
-7.441926624450490024e-01
-3.634334040341371530e-01
6.807044120651446484e-01
-8.001798552097079409e-02
-1.000000000000000000e+00
8.539322834068028278e-01
-3.838058653910613183e-01
5.284651863254177240e-01
7.713474106321502877e-01
1.128393401517517047e-01
8.042026149556208425e-02
-3.394982227978664557e-01
6.132462169313095401e-01
7.581975518693795379e-01
-2.244247582879205782e-01
2.220784003392984318e-01
6.122729077355548721e-01
-7.599305411787228293e-01
5.298878119266714481e-04
-1.880903805190518863e-01
9.774516948077132117e-01
9.437612789043859918e-01
8.323925193079665386e-01
6.002137844282789958e-01
3.329473103544724477e-01
7.555797311541376793e-01
-3.168910756901423542e-01
-7.439051931856666133e-02
9.153034501846876170e-01
9.937942140746954811e-01
1.672474472564344228e-01
-4.262536926860251429e-01
8.671562107068386815e-01
-9.106039528449487719e-01
-8.656854179855080211e-01
-7.126139274560472359e-01
-1.063931618135083856e-01
-6.551466145127606833e-01
-8.259192195450594243e-01
8.509355632951413062e-01
8.032247427848004939e-02
-4.146732608217644778e-01
-3.148918714633545113e-01
6.629226542628929852e-01
-1.822156400435147316e-01
-8.760238676706693095e-01
-9.750554008410154960e-01
7.865366277211105484e-01
6.121260888629813657e-01
-1.634470034736231203e-01
8.663891000911503326e-01
-7.464109657559995226e-01
-9.971805855234487925e-01
-7.935286406488112343e-01
5.600244946410504188e-01
3.081515420261288218e-01
4.329314476124082600e-01
