-1.000000000000000000e+00
8.607637067644495765e-01
6.104642453951518721e-01
1.000000000000000000e+00
1.000000000000000000e+00
9.739113782883090931e-01
5.965436840172733124e-01
9.535560046013933366e-01
2.473549338550964372e-01
-9.110538328471914360e-01
-9.348936101270832744e-01
-5.239313753885579406e-01
-6.226022129578748787e-01
-9.622631058047335095e-01
-1.000000000000000000e+00
4.618772037217661053e-01
-7.071102646927818203e-02
-1.000000000000000000e+00
7.773383747714431857e-01
8.249607149113655780e-01
-1.000000000000000000e+00
-5.567232639037609232e-01
-2.811548825439748045e-01
2.542932681889272239e-01
-6.866202294034043918e-01
1.000000000000000000e+00
-1.000000000000000000e+00
-1.000000000000000000e+00
-8.744295492700312478e-01
-1.000000000000000000e+00
9.939930293076348899e-01
1.000000000000000000e+00
-1.000000000000000000e+00
3.247689353561362124e-01
-9.212451925411657694e-02
-2.507303463363417251e-01
6.438046423788084116e-01
-7.158258423027922257e-01
-7.001901580810562242e-01
-3.049256146900609643e-01
1.000000000000000000e+00
-6.405304458115594901e-01
5.323544159025761502e-01
6.738735069637630248e-02
-3.903494593515142164e-01
3.430750183541286247e-01
1.000000000000000000e+00
-6.133396417941692214e-01
2.792088395123103473e-01
-6.835686522234731832e-01
4.272582603986556649e-01
-1.482137152960435467e-01
6.784734482361022279e-01
-7.145617058031850100e-01
4.663910586289076732e-01
-3.259657110437865768e-01
-5.936848751283236858e-01
-9.168516175283403236e-02
-7.326870576627930731e-01
-3.640474676049676450e-01
1.683565583686744693e-01
1.000000000000000000e+00
-2.281228513128484292e-01
-1.000000000000000000e+00
6.205308611703852506e-02
-6.873470575780284975e-01
-7.987283895109382748e-01
-3.699387169512908802e-01
2.035661479227806048e-01
-3.077451978191393933e-01
1.000000000000000000e+00
-8.345254875348573353e-01
6.990973777144653400e-01
7.745755426828482282e-02
-2.421563981741668425e-01
-7.399094353249215938e-01
3.415812170161569572e-01
-1.419026727294921131e-02
1.938377907470502093e-01
1.694254023755944472e-01
-1.000000000000000000e+00
1.891514370197433514e-02
8.940003202867737864e-01
-1.830025440767537592e-01
1.000000000000000000e+00
-3.732334729425657027e-01
-1.000000000000000000e+00
-6.700774101054159937e-01
8.704831679959854629e-01
-1.000000000000000000e+00
-1.000000000000000000e+00
3.862957311382050896e-01
2.871791958844915893e-01
1.000000000000000000e+00
1.000000000000000000e+00
1.000000000000000000e+00
-1.000000000000000000e+00
5.687430336996970315e-01
4.190612407923596239e-01
-1.000000000000000000e+00
-4.527640444299101397e-01
-7.364437350543278082e-01
-1.000000000000000000e+00
1.000000000000000000e+00
-2.561306052080166706e-01
8.380217771370155333e-01
1.000000000000000000e+00
-2.477303044654433073e-02
-7.793751747520617501e-01
-1.000000000000000000e+00
-7.948045094980932257e-02
-1.000000000000000000e+00
6.425075826022375036e-02
7.423968119369986907e-01
1.000000000000000000e+00
4.275721900269525699e-01
-9.625434567737418678e-01
7.159079208172174358e-01
1.000000000000000000e+00
2.347097049520545653e-01
0.000000000000000000e+00
-3.263017508411586443e-01
-1.000000000000000000e+00
-6.541131842130378793e-01
1.293253458181820026e-02
-7.047198059216197574e-01
-1.000000000000000000e+00
-1.315535359885818822e-01
-8.073781386333678256e-01
1.819606775067442173e-01
6.878894311707905995e-01
1.000000000000000000e+00
1.152017699447765442e-01
-1.000000000000000000e+00
-2.800708192397370344e-01
-9.981038263438928304e-01
-1.000000000000000000e+00
1.000000000000000000e+00
-1.000000000000000000e+00
8.189269502410134738e-02
4.200691953612816776e-01
1.000000000000000000e+00
5.806292253140529214e-01
6.855735300852207059e-01
1.000000000000000000e+00
-9.571920176192114660e-01
-8.593001451115097611e-01
-1.716001243491501460e-01
6.946277452233752259e-01
6.362543851463881017e-01
1.000000000000000000e+00
-6.318820423460544955e-01
3.193691798940372362e-01
-8.447210043986264072e-01
-1.000000000000000000e+00
3.034611910855659622e-01
-1.181986618110830722e-01
4.605270318326137868e-02
8.795270537358165219e-01
-7.204130213136533678e-01
1.323512254518410813e-01
-1.000000000000000000e+00
-5.226835043397870528e-01
-1.000000000000000000e+00
8.445294825012557016e-01
-5.466621833315965517e-01
5.017663396684128863e-01
-6.749426857485396614e-02
-1.130768212791133931e-01
7.352300531282183194e-01
1.000000000000000000e+00
1.787176590530201170e-01
-9.724984662449400741e-01
7.640998604644677616e-03
-8.333735077792501222e-01
1.000000000000000000e+00
-7.245945503668751453e-01
5.619643192359889960e-01
-1.000000000000000000e+00
-3.773712685216946694e-01
1.000000000000000000e+00
-1.000000000000000000e+00
6.077677877112188654e-01
4.387602877451848293e-01
9.167942701163445118e-02
1.000000000000000000e+00
-1.000000000000000000e+00
-9.971858398697669434e-01
-1.000000000000000000e+00
-1.000000000000000000e+00
-6.514507350404247221e-01
7.738766331014955702e-01
-1.162853747389946957e-01
1.000000000000000000e+00
-6.292045278591753554e-01
-5.752563284109850628e-01
7.976319329463660290e-02
1.000000000000000000e+00
1.000000000000000000e+00
-2.590228323517307363e-02
-1.000000000000000000e+00
-1.000000000000000000e+00
-3.348825891200508664e-01
-1.000000000000000000e+00
1.000000000000000000e+00
-1.000000000000000000e+00
-1.000000000000000000e+00
-4.630160420806659349e-01
7.649698810185497910e-01
1.000000000000000000e+00
-3.188505494814103391e-01
-1.760474404753350486e-01
5.371838086777493970e-01
-2.205387207246610748e-01
1.000000000000000000e+00
-9.680153119581422771e-01
1.000000000000000000e+00
-7.906378874494466302e-01
2.224500944169284233e-01
-3.318186906174425133e-02
-2.027182858248710307e-01
7.290064527152917417e-02
8.316958035557874274e-01
-9.159174390075049965e-01
-7.195830122734919732e-02
-1.000000000000000000e+00
1.513684626193100569e-01
-4.870786951974517276e-01
5.696882660550923738e-01
-3.749592047644778603e-02
-2.465758484322628508e-01
3.671722266856332073e-01
-6.631055521499928940e-01
1.000000000000000000e+00
1.000000000000000000e+00
1.000000000000000000e+00
2.128287379178722127e-01
1.000000000000000000e+00
-1.017741466575976528e-01
1.306402088797879446e-01
-2.849422838051251516e-01
-1.000000000000000000e+00
-4.861963529887438629e-01
-5.880849560741794324e-01
-1.580324965941113380e-01
1.000000000000000000e+00
-6.449094226454972212e-01
9.111514732350362022e-01
-5.741649422814141257e-01
-1.000000000000000000e+00
-1.000000000000000000e+00
-2.718738826125317587e-01
-1.000000000000000000e+00
-3.296745091174563269e-01
-8.583768979032349034e-01
-1.000000000000000000e+00
-7.407115353571750438e-01
1.296776727997250855e-01
-1.651749959735865358e-02
-6.730415035976724525e-01
5.810909771825436554e-01
-5.117822586707004850e-01
4.406000427096475325e-01
2.124737468935511409e-02
3.940037755808340481e-01
