6.850699342335866415e-01
5.741683997334626199e-02
-1.441148958648907907e-01
-5.132695232197701518e-01
-1.496753437979273516e-01
-9.887614199215752908e-01
2.438744811331422235e-01
-4.647439358218605765e-01
9.762205320466390557e-01
-2.781387756868327621e-01
-1.301119823284128951e-01
6.204005885919213759e-01
-2.365021935936613695e-01
-4.068456985435012774e-01
9.374859581920793605e-01
-1.000000000000000000e+00
4.140902382099965751e-01
6.337187702808566581e-01
-6.288068053485876829e-01
-2.010770032333452362e-01
-1.000000000000000000e+00
4.512052509184748539e-01
-1.189980006456766715e-01
7.320240187915822982e-01
8.818873224481380002e-02
-4.227639305173336304e-01
6.741774353660023866e-01
-7.033337274325839328e-01
3.084050099591293392e-01
8.489032595708139173e-01
4.915099059394821834e-01
-7.361122913230466747e-01
-9.046686486755274315e-01
3.977234157009095217e-01
-9.748052323682543374e-01
8.443985451635465100e-01
9.763813439375929049e-01
-8.555869022885684849e-01
9.064626845890060292e-01
-4.961112581082391393e-01
1.206034922732914100e-01
-7.690628772703637095e-01
5.691765259999488347e-01
-3.745526992094369012e-01
-1.000000000000000000e+00
-5.371402510300963273e-01
2.489081011068583205e-01
-2.848364430250092116e-01
1.000000000000000000e+00
5.141157173735201591e-02
-4.959849725815054788e-01
3.715832966312337393e-01
-9.786890972404729272e-01
6.111024270766285404e-01
3.194294375958333515e-02
-9.073010061713827623e-01
1.628988896942182851e-01
-5.261539160967673157e-01
1.588643361581016378e-01
5.468280171893167285e-01
-2.456286555131438620e-02
5.607977822233208842e-01
-3.632685103394430737e-01
-3.548452770263437195e-01
7.947778421817566219e-01
9.907147058899494763e-01
-2.038519443145205279e-01
6.725911505275521396e-01
-7.808340504416952932e-01
4.229786082669168001e-01
-2.014279250502230834e-01
-1.601721342138625603e-01
-9.965642978735660407e-01
4.524585138313557131e-01
7.659769892312109363e-01
-9.999520452497180356e-01
-2.287005745883026464e-02
2.644499953558789723e-02
1.000000000000000000e+00
-8.352189089037163061e-01
6.882774880458408795e-01
1.000000000000000000e+00
1.000000000000000000e+00
9.887401838687266409e-01
9.960287979978919015e-01
-3.982904447390671621e-01
-1.000000000000000000e+00
2.924420565277296435e-01
-8.446182286035459619e-01
-3.634787499285671020e-01
9.453365453247589700e-01
-6.890329126996217468e-01
1.249054819973126756e-01
1.260499430054043413e-01
4.928224508913240515e-02
-7.007412190986472833e-01
9.391942794379654069e-01
1.000000000000000000e+00
-7.378799589213154153e-01
1.646353002136739518e-01
-7.805678250158215592e-01
2.944421918770960267e-01
6.988679602979148697e-01
-1.159103046687194327e-01
3.225790871549775174e-01
-8.563682641643777238e-01
-5.101631511044153466e-01
2.694850924343697440e-03
-8.731514839294332031e-01
-8.654669036038564744e-01
1.611736561931716438e-01
-4.946897477824420686e-01
2.028349497824553233e-02
-4.575296423262660284e-01
-1.233234390322701657e-01
2.783584219643216451e-01
7.943054142494931913e-01
1.000000000000000000e+00
-5.461782266888022264e-01
3.346595232586612179e-01
2.873929076836390789e-02
5.254271601402196734e-02
-4.441503360675488898e-01
1.081011063456448484e-01
-7.365427895413997200e-03
6.837322311298351663e-01
-1.000000000000000000e+00
-9.910969112758405419e-01
-9.175634173595441645e-01
9.071578846158021014e-02
5.403015265203661155e-01
1.357754894193797246e-01
-4.892986112009604649e-01
1.814242345302783388e-01
-8.071978879076494584e-01
8.875662716128649432e-01
1.000000000000000000e+00
-1.161695183281315907e-01
-3.960094187659826126e-01
6.969948923503469507e-01
-2.466795789140462103e-01
-5.848992299187434352e-01
6.811098713623764400e-01
-8.362983333145861398e-01
-6.724683236909201334e-01
9.986334372617721167e-01
5.592281010517557993e-02
-4.810444882838397218e-01
-3.308614337385934467e-01
-6.746965604424914886e-01
1.235080471741646646e-01
-6.612965826318190077e-02
-3.372822048492543079e-01
2.283184927857032087e-01
-8.773320777379095547e-01
-4.680412744335502584e-01
9.002630378370115594e-01
-4.940516654145659103e-01
2.640831983128473226e-01
-3.602583848726477467e-02
6.296147833809669914e-01
9.921378010444970030e-01
-2.218690176114515578e-02
5.282038333470986391e-01
9.426307117569288074e-01
9.630733028620157565e-01
-2.601843614273773309e-01
9.994985781438868733e-01
-9.849356278978806944e-01
4.710201337988030312e-01
-4.135716246232011839e-01
-3.029890816402319720e-02
-9.577097929750407745e-01
-6.163888996710826795e-01
-2.755684382142992855e-02
3.643758611771007461e-01
-4.047296268277587039e-01
-4.561534923092253058e-01
4.622770599258454460e-01
-9.781943777896831005e-01
-9.644117432443384264e-01
1.323986788427227723e-01
6.327524360997779929e-02
3.909383657926113753e-01
8.680131003595812356e-01
-8.455010253465646830e-01
-7.347763763447781593e-02
9.402712924231326763e-01
-1.845571137328526345e-01
9.608932884045168210e-01
3.948202585333612791e-02
9.451526346891440111e-01
-8.652772144564077061e-01
1.000000000000000000e+00
2.086840012809599021e-01
5.304717337612343542e-01
8.439778352798832373e-01
1.556026936321455723e-01
-9.982775348416911276e-01
3.875200089920002866e-01
-4.981030769203044772e-01
6.865998835258576571e-01
-1.916563124088453696e-01
-1.000000000000000000e+00
-9.223266373864666967e-01
4.358531106202027106e-01
-9.528524816401107156e-02
3.297887072046468138e-01
-9.999979916738391816e-01
-4.005953998809085870e-01
-9.866381271997639590e-01
-3.533216345875502817e-01
9.749562484950846653e-01
5.555654690648338390e-01
-1.000000000000000000e+00
-9.770110695739682161e-01
-3.863865510575572593e-01
-6.340811982593758112e-02
-6.758036688324950969e-01
1.564313573864184459e-01
7.087566364591728618e-01
-1.000000000000000000e+00
4.815451311571051773e-01
5.704764475104302512e-01
-1.908763167205146383e-01
8.525019833726003859e-02
-8.864581573046891039e-02
6.016356044149409055e-01
-9.648864309228633029e-01
5.144115048105140087e-01
-6.040772115955155286e-01
2.323042462954927334e-01
-8.407919756785340315e-01
1.000000000000000000e+00
4.021203242375482878e-01
-3.311224546455298623e-01
-9.385473334223375375e-01
2.340437411382026434e-01
-4.793753373859266920e-01
-5.204478048415452918e-01
-1.458449473042153222e-01
7.400546349669661073e-01
-8.381681814880954651e-01
3.654664415962436408e-01
8.661138606743672419e-01
-8.733820679008361676e-01
2.919073402311996857e-01
-7.324811241486425817e-02
9.607575734106976739e-01
7.657897207727741851e-01
1.372821216966029767e-01
2.196452621997604382e-01
-9.279980334136619380e-01
-3.740126620653724809e-01
7.561967825844304603e-01
-9.971650215362751757e-01
8.311251176300037402e-01
4.289951340615776321e-01
9.871201001355107696e-01
-9.628908691701417721e-01
-4.905588743771062687e-01
-3.225829950142699021e-01
8.347024822199309302e-01
-6.020982897003104295e-01
-9.250373720312359271e-01
