1.000000000000000000e+00
1.000000000000000000e+00
-5.617271760998523433e-01
1.000000000000000000e+00
-1.000000000000000000e+00
5.321644666907719978e-01
3.296844007653756958e-01
1.000000000000000000e+00
-1.000000000000000000e+00
5.396901987054936178e-02
1.000000000000000000e+00
-3.072446013357388317e-01
-1.000000000000000000e+00
-3.137199084595598819e-01
-5.387813152147127305e-01
1.000000000000000000e+00
-8.788199523885842357e-02
-2.797939286432570283e-01
-7.446100419699204220e-01
-1.000000000000000000e+00
-3.823369181078051238e-01
-6.305003525007102372e-02
-8.717726126029495815e-02
-7.633696731051673456e-01
-1.998049388930969728e-01
5.662389835567821494e-01
1.000000000000000000e+00
2.927419800565283503e-01
-2.778546060073138202e-01
2.512813194116345628e-01
3.871634661752997308e-01
-9.041189870379910953e-01
6.161974815598281197e-01
-1.000000000000000000e+00
-1.000000000000000000e+00
1.467625341025957653e-02
5.738766416998683506e-02
4.752337766277661135e-01
1.000000000000000000e+00
-1.000000000000000000e+00
1.000000000000000000e+00
9.044087580960077366e-01
-8.847167534918660703e-01
1.000000000000000000e+00
3.684332018156796229e-01
3.209762841597698646e-01
-1.000000000000000000e+00
-1.000000000000000000e+00
1.826928363964792634e-01
-1.000000000000000000e+00
7.736037238568402863e-01
-4.982319538725326624e-01
1.000000000000000000e+00
1.000000000000000000e+00
3.584214777326194534e-01
-2.786029704071809054e-01
-1.000000000000000000e+00
1.000000000000000000e+00
1.000000000000000000e+00
-8.118927720258590774e-01
-1.000000000000000000e+00
3.003334791086333944e-01
-6.574345768805928136e-01
8.532302153371844611e-01
3.994466438127164398e-01
3.846719997287006976e-02
3.202309628894628446e-02
1.000000000000000000e+00
1.000000000000000000e+00
1.000000000000000000e+00
-3.228382047731473969e-01
5.227212448100273523e-01
1.000000000000000000e+00
1.000000000000000000e+00
-4.920752811466046484e-01
-1.119477700908390050e-01
1.000000000000000000e+00
-6.974485585479304195e-01
1.950170550830858662e-01
-1.792064428827128131e-01
1.000000000000000000e+00
9.561285957382327227e-01
8.242084033203610494e-01
-1.000000000000000000e+00
-4.746031466207109029e-01
3.296686884092489556e-01
3.164491883019240337e-01
1.000000000000000000e+00
-1.288148960373908247e-02
-4.435519407487279464e-01
1.000000000000000000e+00
9.135745380665084570e-01
1.000000000000000000e+00
-5.219116784527022546e-01
-1.966061112923238596e-01
1.000000000000000000e+00
-1.000000000000000000e+00
2.261924381163510356e-01
9.242278761804030296e-01
5.695791625219809307e-02
-2.306358672166326507e-01
2.326179628465319671e-01
8.948616103543380329e-02
-8.733761621171061140e-01
9.132295199901148131e-01
-1.026674671238971270e-01
7.889127333501486650e-01
-1.000000000000000000e+00
1.000000000000000000e+00
-4.131804727234030250e-01
-2.883607802175532919e-01
5.378581199682265224e-01
-1.000000000000000000e+00
-7.889989260103370539e-01
6.336142666370311316e-01
7.647058982337219257e-01
1.000000000000000000e+00
-9.127825475740398709e-01
-6.829925925922342156e-01
-1.000000000000000000e+00
-1.000000000000000000e+00
-7.457937646910008933e-01
1.000000000000000000e+00
-1.000000000000000000e+00
1.000000000000000000e+00
-7.717958171973060555e-01
-6.461606166021727216e-01
-7.422010521314028608e-01
4.802515128676372869e-01
-1.000000000000000000e+00
-1.000000000000000000e+00
1.000000000000000000e+00
2.694603345767891955e-01
6.763748115552774554e-01
1.000000000000000000e+00
8.106537553124746331e-01
-1.000000000000000000e+00
1.000000000000000000e+00
9.879807572383115799e-01
9.787773386164928535e-01
1.000000000000000000e+00
-5.967161135565914876e-01
1.148428863671240863e-01
-4.001647900272655156e-01
1.000000000000000000e+00
-1.000000000000000000e+00
5.122502059083000603e-01
3.713637367991564076e-01
-6.673328912161495818e-01
4.364177054908792153e-01
-7.580665297381052881e-01
-6.938572889376403152e-01
8.787012610660601686e-01
1.000000000000000000e+00
-9.530011462180809634e-01
-7.091791720316571457e-01
5.500813562410786783e-01
7.916188413772269339e-01
-1.000000000000000000e+00
-6.443230086596007933e-02
-1.927590393717161787e-01
-5.981312567984389261e-01
-6.549381769869515590e-01
-7.673648274042488282e-01
-1.000000000000000000e+00
-1.000000000000000000e+00
-2.651565678950909000e-01
-1.000000000000000000e+00
-1.000000000000000000e+00
1.000000000000000000e+00
-1.000000000000000000e+00
1.000000000000000000e+00
1.000000000000000000e+00
-1.276900940126020068e-01
1.000000000000000000e+00
-7.469109699555031012e-01
4.343987510468125812e-01
-1.000000000000000000e+00
1.000000000000000000e+00
6.000821919166552387e-01
-7.217366383067769231e-01
1.000000000000000000e+00
-1.000000000000000000e+00
-1.000000000000000000e+00
1.000000000000000000e+00
-9.747921779653762053e-01
-1.000000000000000000e+00
7.394584452117040074e-01
1.000000000000000000e+00
0.000000000000000000e+00
-4.522304904018082383e-01
-7.731034660023976546e-01
-4.136097187764943284e-01
1.887973821386608186e-01
-1.000000000000000000e+00
1.000000000000000000e+00
3.938598841232970882e-01
-5.883878542844445114e-01
5.562136221240632228e-03
-9.759782259055966858e-01
6.079533620925355875e-01
3.470736127657743086e-01
2.412878196841611311e-01
3.806480887280902503e-01
6.665002191830415867e-01
-6.725933602974587533e-02
-9.074276741907515431e-01
1.000000000000000000e+00
1.560158592509861553e-01
8.383411594515328691e-01
1.000000000000000000e+00
-3.722162403569579392e-01
-1.000000000000000000e+00
-1.000000000000000000e+00
1.000000000000000000e+00
-2.474183861988465960e-01
-1.000000000000000000e+00
-1.000000000000000000e+00
-5.333494546802320935e-01
9.080623618060154056e-01
-9.219304438320010675e-01
2.871808012400852705e-01
1.000000000000000000e+00
-8.357389601983875593e-01
9.156708493798639825e-01
-1.000000000000000000e+00
-1.000000000000000000e+00
-7.404918640156460397e-02
8.364563577038892639e-01
-1.000000000000000000e+00
-1.000000000000000000e+00
9.758417311822432660e-01
-4.285275949712848975e-01
-1.000000000000000000e+00
-6.999702723348893985e-01
-5.826688255895255963e-01
-1.000000000000000000e+00
-4.511832009314685754e-01
1.000000000000000000e+00
-2.754869969829937260e-01
-1.000000000000000000e+00
-1.025299001888546613e-02
2.195592740314965541e-01
-1.000000000000000000e+00
-7.821498401058964989e-01
1.000000000000000000e+00
7.789388324305028810e-01
1.002860009784254658e-01
-8.570324763845982297e-02
-1.000000000000000000e+00
-1.000000000000000000e+00
6.489814211135835897e-01
5.282194788335681235e-01
1.000000000000000000e+00
1.609283468599214117e-01
-1.524961343238299682e-01
-5.986224152317332070e-02
1.000000000000000000e+00
5.233503010917324172e-01
-1.287560285431744722e-01
-2.685493206474951489e-01
-1.645732916869040441e-01
3.178775222121839605e-01
-1.000000000000000000e+00
-1.000000000000000000e+00
