-9.328532774274553852e-01
6.617523163820812071e-01
2.525664248011429414e-01
-5.443189333417260967e-01
-4.346094067747373613e-01
-2.479676960045104628e-01
5.865714877911909486e-02
-6.257725509026692556e-01
4.197781620903565658e-01
1.214138759961249092e-01
6.843361467421085198e-01
-7.442630991163003973e-01
-6.073488704883197586e-01
-7.723999237499789006e-01
9.762377799987675964e-01
-2.628270639542080733e-01
3.391910405918118210e-01
-1.049889261876455204e-01
1.349355068521012613e-01
5.668015408810689326e-01
-6.321924158684660844e-01
-3.824171765035153658e-01
-4.817433029632574581e-01
7.775632969196699662e-01
7.324549259623360786e-01
-9.148194734885564117e-01
-8.156358994534351758e-01
3.727508252806993605e-01
5.046286322208584085e-01
-8.173430112199743247e-01
3.766592158417607084e-01
9.258569056726807522e-01
2.900191702199491628e-01
-8.464550415172584774e-01
-5.414941579584214848e-01
2.278683460622158430e-01
5.488022648236613454e-01
-4.067380587118051283e-01
-3.405787472856927067e-01
-6.778760984887308716e-01
-2.141862193551044014e-01
-2.594670940420912980e-02
2.405688398538675665e-01
-5.314378815153477653e-01
9.253917028100988595e-01
1.000000000000000000e+00
8.472924783507375102e-01
-5.523797861537604881e-01
4.856703262516429143e-01
-2.449699906947226946e-01
7.917633278883573489e-01
9.568241279267182264e-01
5.610476614182149380e-01
3.040533813427951371e-01
9.482106911631764667e-01
9.411013664897516229e-01
-4.827459706445224596e-01
-7.917121320498348158e-01
-1.000000000000000000e+00
-1.000000000000000000e+00
1.000000000000000000e+00
3.923197421360411496e-01
8.329664571296141462e-01
4.064803441451942945e-01
-3.483542115447262333e-01
8.185444906556378353e-01
-1.000000000000000000e+00
-8.735384888980495255e-01
-5.131009927908740664e-01
-7.301712859602960126e-01
2.785718010295606950e-02
8.477782254878205581e-01
-4.940388521787641984e-01
9.896931068398020503e-01
1.115705447468020584e-01
-2.901071522535108027e-01
9.512627266009132665e-01
1.710623778900074166e-01
7.945781559506670533e-01
6.065037568718842920e-01
-1.243616160916782842e-01
-6.941338315034664141e-01
-1.000000000000000000e+00
-7.364841988718600074e-01
7.401351841734177262e-01
-9.951178584774057478e-01
-9.620850169161649923e-01
8.883678183407650586e-01
9.786451341094604128e-01
6.151195291587940872e-01
6.789955980892581344e-01
-7.577574039666525874e-01
2.903070280020068061e-01
-2.327988153456334031e-03
8.286344195212878017e-01
-8.365517112582918635e-01
9.924929947126648333e-01
-9.349768565922255137e-01
8.335612132993533430e-02
-9.891937861699769963e-01
8.715658053543147155e-01
-8.123354004399813144e-01
-7.964240076488248166e-01
-1.498143080101729807e-01
6.436894977397605855e-01
7.882620780994187282e-01
-1.000000000000000000e+00
2.971482884616259978e-01
-2.552644136449742918e-02
6.561520778413152399e-01
-5.371990681909644128e-01
-6.576728892651123592e-01
-9.603267204644534427e-01
-8.919479395672846866e-01
-1.000000000000000000e+00
2.347083405004002366e-02
1.000000000000000000e+00
-8.936910393316866985e-01
-5.249448493020181239e-01
9.311784356139637397e-01
3.392270169563240678e-01
-2.192293810656059383e-01
-1.000000000000000000e+00
-2.285446677047017761e-01
9.970687170630415652e-01
8.215985986098359728e-01
-2.102483684967845490e-01
1.399684178473853124e-01
-6.821449823478629160e-01
2.992479224280758521e-01
-1.000000000000000000e+00
-7.005151983999883258e-01
4.337163881240762575e-01
7.705528610044087845e-01
1.000000000000000000e+00
-1.000000000000000000e+00
-9.858142604058363068e-01
-7.380455973848097928e-01
-9.784909197081235188e-01
-8.095129983304505394e-01
2.477570218867480856e-01
-1.000000000000000000e+00
9.289624708762003191e-01
5.595486987350255514e-01
-5.869354301917710515e-02
6.913807011036923189e-01
-1.000000000000000000e+00
-9.609075535538142976e-01
8.002581616415422872e-01
8.060367182848532375e-02
8.521201827046164246e-01
9.844177183895370664e-01
4.030388841554191637e-01
-7.359116042357555232e-02
7.769327506847283349e-01
-9.497745770932120024e-01
-1.480640062704302040e-01
4.701278688567826769e-02
1.711009680568640057e-01
1.000000000000000000e+00
8.800948514431794489e-01
5.728878418283060991e-01
-2.323808273417777848e-01
5.780498247518105481e-01
4.935409920619081986e-02
-1.000000000000000000e+00
-8.223184721854074342e-01
3.193966852535756740e-03
-3.492127529244193895e-01
-1.426173358254746726e-01
2.952694836627378083e-01
5.838631209125416666e-01
-9.451492740595831554e-01
-5.776704522112915408e-01
1.000000000000000000e+00
-2.653361306376209594e-01
2.585409648735261245e-01
-2.829776798357164225e-02
7.527727455437717152e-01
9.028893021489101667e-01
-1.000000000000000000e+00
9.877456034610809787e-01
-4.518664664198226433e-01
-9.913923313714201324e-01
1.436283729740098769e-01
-8.019679308656318950e-01
-7.029110803290217202e-01
6.959982270486171352e-01
-6.252365054227094765e-01
-4.212750371908048908e-01
-7.310222723724286720e-01
-1.532047546073699029e-01
5.852239089447053288e-01
9.133646343928569777e-01
1.000000000000000000e+00
-9.878306661520496190e-01
-8.380201354727815355e-01
5.684294307102155663e-01
-8.540298259415144422e-01
3.780283944099477322e-01
6.436202589318023026e-01
3.814828054114257627e-01
-8.326000978068818226e-01
-9.793264088617703589e-01
4.070915667019741058e-01
-6.045988078520860842e-01
-8.928668536109629628e-01
1.000000000000000000e+00
-7.449877848767385569e-01
-8.434320407445550227e-01
1.170701043050496742e-01
-1.305546248905919970e-01
5.917416714475542960e-01
3.437681076709773187e-01
-7.869690281428374234e-01
-9.736783202156684691e-01
-2.180017729554585004e-01
-7.053017308733677826e-01
4.494018441548782716e-01
-1.000000000000000000e+00
-8.631481066566351612e-02
6.395348602697913387e-01
5.600055426864747332e-01
8.865085560236150020e-01
2.282974045930450391e-01
-7.156521128262220977e-01
5.742677829303540760e-01
2.763193990391946131e-01
-7.175508955326047600e-01
-6.069487517847182989e-01
7.335157789655396554e-01
5.250857958414375526e-01
3.691132320536918976e-01
-9.852723377417632600e-01
6.698629318588829040e-01
5.539845885974432615e-01
8.077916833344217507e-03
3.396876561915863069e-01
-5.847126351916269726e-01
8.231954135566511566e-01
2.844464193534551599e-01
1.000000000000000000e+00
2.233173641289543654e-01
8.157106337918181849e-01
1.000000000000000000e+00
1.000000000000000000e+00
3.436498754112575771e-01
3.294665609889407820e-01
9.670014211250399505e-01
2.981903027206977974e-01
5.969231724746856260e-01
-9.708562025640850024e-01
9.600705475712588699e-01
9.717473691134912439e-01
3.282108826876738994e-01
9.365056119292927139e-01
7.757902326962888839e-01
2.523760719426125232e-01
-1.000000000000000000e+00
-2.630287424508132577e-01
-1.000000000000000000e+00
9.394302005285293244e-02
-9.806320801568151335e-01
3.940255574891198265e-01
4.135615391915805628e-01
