-9.903409523687631832e-01
6.931501731867022453e-01
-9.236743891142078500e-01
-6.852428148958655818e-01
4.425398422636183660e-01
-5.258782625394926580e-01
6.514062735818202388e-01
6.456463985810707851e-02
7.936365431088945321e-01
5.522703819010469362e-01
2.073579120139506030e-02
-6.183780321780378841e-01
4.703856537912079472e-01
-2.414009383393938279e-01
7.487650783279852229e-01
-6.741964468397740329e-02
6.697361656063721691e-01
6.156499636678893772e-01
1.875320654255602237e-01
-3.814580511897446707e-02
5.100010358199720262e-01
3.872402166676850443e-01
-4.431397433777124473e-01
-2.051522246990917231e-01
-1.735351927335562205e-01
2.358852490519096901e-01
3.543230605652492038e-01
-6.111358845190548519e-04
2.324241630666891711e-01
9.056897032231439604e-02
7.278228977773577579e-01
-4.429997005651722386e-01
5.934531035202359472e-01
7.574879578969664351e-01
1.546887457441534774e-01
1.000000000000000000e+00
-6.093833251808822293e-01
4.975986300530101936e-01
1.662322880594142016e-01
-5.304501756285403546e-01
3.035090483894246072e-01
-3.827974076873774667e-01
-9.841283808511736009e-01
1.343317635786309694e-01
-9.005785777443418016e-01
8.401749272194205531e-01
4.814357412742590325e-01
9.654205304514991148e-01
-7.768941882636165586e-01
8.525231981912851920e-01
-8.821113502750648205e-01
1.178673248722864608e-01
9.832158347373863849e-01
3.326800890080235384e-01
4.113474442124288588e-01
-7.153623501782078176e-01
6.308934327793975783e-01
7.253896301012249248e-01
7.977487344538711778e-01
-8.778657803710960827e-01
9.531520933804219498e-01
-3.843907541417264651e-01
-6.977235153016084213e-02
7.037123024421934048e-01
2.212339295427534491e-01
-9.999640800025374476e-01
-6.417334233434427437e-01
-1.082219233850060941e-01
-3.069919251854641429e-01
-7.415909535992590840e-01
5.180295670610854941e-01
-9.155712011742649370e-01
9.474076944801903544e-01
-5.210912969826426711e-01
8.320018854894652982e-01
3.987309955451525667e-01
9.090855530298718179e-01
-7.231172399464493861e-01
-7.314770392158831402e-01
4.526957348168991757e-02
6.806825193928159878e-01
2.299784581735376809e-01
9.893697384123757432e-01
-9.918536645171520671e-01
-2.348323353109441625e-01
-8.498816619681301976e-01
-5.757336544031359526e-01
-7.183698716424415931e-01
1.277948510848746777e-01
-2.412077079615736752e-01
-4.952736741602053461e-01
-1.323250527951007061e-01
-2.150091461865945575e-01
4.118634375430218486e-01
1.468400382658974213e-01
5.254412280253581979e-01
-7.723602803816693729e-01
-9.574242990132362241e-01
1.658456716714680479e-01
9.978138886816636521e-01
9.996186507855313597e-01
-4.478135282706862674e-01
7.497528499392721590e-01
-6.895278310238646402e-02
-5.328185208400710859e-01
2.519863172121306755e-02
4.397531090478994376e-01
-8.528132485717605515e-01
4.073786195720682790e-02
1.324083265561564748e-01
-1.681319192578775989e-01
9.972406611581836611e-01
-3.011759113670889887e-01
6.356584593721588128e-01
-6.589012364239061892e-01
2.364200849691445172e-01
-9.811729436204708055e-01
9.274764257468324224e-01
-2.223015027076980510e-01
-9.339964894004482154e-01
-4.429542732150378304e-01
9.991788334720820286e-01
-7.490417873432466678e-01
-1.443751444123279049e-01
5.869689026160148648e-01
4.476133607199275222e-01
-8.966614966647323826e-01
-7.724800354689103088e-01
-2.338009276911680312e-01
-2.293300961086328638e-01
-3.570745364949217682e-01
4.686127812786877733e-01
-6.264079390922931978e-01
4.768625594707835702e-02
4.042487351994749067e-01
-1.198409485529414176e-01
7.456347468810399226e-01
-2.600925365144961532e-01
3.834433857481588104e-02
8.831984061627786708e-01
-1.199612710953048972e-01
-3.805660148212945959e-01
-2.309765076628976788e-01
9.923268580167710073e-01
9.828926101581781927e-01
-2.330585417681457217e-01
-9.997863596286646892e-01
1.417141819207804743e-01
-1.452350176624769146e-02
-2.737313066396961925e-01
6.792309613906155619e-01
-4.487421885489347728e-01
3.896980287756884320e-01
6.948477225977165439e-01
-4.398295024402261721e-01
-1.657070370771328571e-01
2.772584808616798124e-01
-1.198299476460344681e-01
9.923859913061152671e-01
-5.391649794255629624e-01
-2.027058478113696882e-01
2.252556783675745133e-01
5.979016535984834624e-01
1.399054859531913553e-01
-9.510084210818836592e-01
-7.728394440414032562e-01
-7.307370541850645163e-01
-3.753282347010666875e-02
4.522696914835691584e-01
-3.943686999108924063e-01
5.630017356275771739e-02
-7.798136979755710962e-01
6.070538149859658894e-01
-7.782812478806884204e-01
8.990225891292584481e-02
9.971209690776752232e-01
-9.994318904355132815e-01
-2.265887129177022175e-01
-6.541478884699920560e-01
-7.311992780886538146e-01
5.758918046865929563e-01
-1.830473523799142077e-01
2.040401473578236924e-01
-8.205595863861242512e-01
8.132261277867836036e-01
1.483817150384931227e-01
1.942935425080998812e-01
-8.641374498669169846e-01
-5.998876836530990797e-01
8.389254208299031790e-01
-4.884773453461064840e-01
8.797129595827878346e-01
-2.407503384930278351e-02
-8.469299176708657839e-01
-3.535108967110921901e-02
8.604770981935145890e-01
-3.858494507612951763e-01
-9.396498779749018482e-01
-1.677526370692268287e-01
2.243583599032584752e-01
-8.954731915137397191e-01
-1.185163025326583242e-01
-8.821685044491641703e-01
6.507175043812278847e-01
-8.522222217306154590e-01
-9.420318567731587045e-01
-5.634454423739819473e-02
6.565506873570173818e-01
-4.027526405910629437e-02
-1.482312845685076486e-01
5.211765676617501342e-01
-2.070159144367197113e-01
5.974174816396061738e-01
9.546095595302706016e-01
9.335138113120114989e-01
-8.067429846105841351e-01
6.343292822936643649e-01
9.857358742986700451e-01
-3.782391021219934091e-01
-8.252874283705966540e-01
-4.584672980471456993e-01
9.469906433351731323e-01
9.993565319195006902e-01
-9.625399512344389175e-01
-6.350468101268856858e-01
5.673245176693415132e-02
-2.021346962768608702e-01
5.406962655056571920e-01
-8.877610494368002314e-01
-1.987638546715551069e-01
8.137789404464546017e-01
4.309081815734046306e-02
6.061258234305960668e-01
-4.883937006428651362e-01
-4.010519737927160655e-01
3.748591739694464020e-01
-9.240033434109193866e-01
-6.796940811497274026e-01
5.874043453001718262e-01
3.024568854690349307e-01
-9.480370878591442008e-01
-6.034413123574071669e-01
-2.346003065462904935e-01
8.685623113689880936e-01
9.717981873728895881e-01
4.839792166931159434e-01
4.668272770191134180e-01
-4.251623957310151081e-01
5.390316497892005954e-01
-6.520735690191051814e-01
3.738199679290858668e-02
8.683467075011531700e-01
-8.312701183754318823e-02
1.165203111516933954e-01
-5.313078694108659406e-01
-9.604098389229531740e-01
1.248677697408296094e-01
4.029406005911587152e-01
8.271057459026134318e-01
-9.870956417378611292e-01
3.556286973520250139e-01
-3.201978315730251712e-01
3.975577367565207298e-01
-2.124780405408709938e-01
8.929604162602249318e-01
