9.996436900466958431e-01
-8.344694998160170352e-01
5.241150982860143248e-01
-9.862365201496465783e-01
2.066374329938498455e-01
8.143868171541233103e-01
-5.271766230614025606e-01
-6.101158870650389421e-01
-1.000000000000000000e+00
3.520872296532804313e-01
-1.000000000000000000e+00
-9.347346934003994967e-01
4.416093935584802233e-01
5.095945856094994397e-01
-1.000000000000000000e+00
-8.788027200851726839e-01
3.507921384072614224e-01
2.241112057811926184e-01
4.122013819576857835e-02
8.698986604661966826e-01
-3.709922663022773293e-01
4.764238093806181795e-01
-8.976494774552103983e-01
-9.967126756832760393e-01
-7.635453785262107385e-01
-1.000000000000000000e+00
5.592942049532397819e-01
1.429247691438467194e-01
-3.998334708431009465e-01
4.543599866471661475e-01
-1.000000000000000000e+00
5.457731213081820076e-01
1.000000000000000000e+00
-9.703625961817734513e-01
7.355236033771735960e-01
9.821698691325693176e-01
-9.981358092957854922e-01
1.724398897245540407e-01
9.234807716167919844e-01
8.138267588196109736e-01
4.019048924192772931e-01
8.498983945143152585e-01
1.134700509460974671e-01
-1.000000000000000000e+00
5.920075805932815127e-01
-9.719377042315862081e-01
1.137541850028249701e-01
9.753094641057686864e-01
-7.455943448642643467e-01
-2.137994255670904731e-01
-8.485609444311763561e-01
-9.843491979014651339e-01
1.695548196244119898e-01
-2.200998134920973959e-01
2.272844488258937146e-01
6.794328638628844841e-01
1.000000000000000000e+00
-1.000000000000000000e+00
7.503052757121925209e-01
-1.000000000000000000e+00
4.092633011574754731e-02
6.371513783131470543e-01
3.141857491522700996e-01
-1.000000000000000000e+00
4.719972654364887887e-01
-9.629768913687996035e-01
9.944937380501908120e-01
9.896376449951331811e-01
-1.000000000000000000e+00
-1.000000000000000000e+00
-5.344350907530043271e-01
6.253617826761921350e-01
-9.925841132810835354e-01
1.896849493570070821e-01
-1.000000000000000000e+00
9.237036937537055348e-01
-9.999316311983124095e-01
8.933238346671676933e-01
-4.497883873345878691e-01
1.000000000000000000e+00
-9.988940026621488943e-01
6.818356945488376897e-02
1.000000000000000000e+00
-5.681655005187422613e-01
3.240058481883152375e-01
7.813553769158224638e-01
-1.000000000000000000e+00
-8.614320666365352652e-01
-4.238771720560240985e-01
-9.742464469150345918e-01
-5.178011885706920725e-02
-8.955467019340463963e-01
-5.635072390117756846e-01
1.000000000000000000e+00
7.025643209106371412e-01
9.447786953167792712e-01
-1.000000000000000000e+00
4.382782482111863831e-01
1.000000000000000000e+00
9.926662023586607653e-01
1.000000000000000000e+00
6.652140444990420343e-03
-9.208315989935766943e-01
-9.989193546629802078e-01
1.109693147788345102e-01
-1.844285135022827038e-01
9.414175487788485341e-01
8.120356322146056183e-01
-9.607470811676579459e-01
-9.930128019261814654e-01
-9.802819437332603858e-01
9.890389433328306001e-01
-9.891795544877796109e-02
6.504815322308765690e-01
2.438660414153081268e-01
1.000000000000000000e+00
5.911528363921928486e-01
-2.899505347803485455e-01
9.499832151647757961e-01
-9.180215250714223174e-01
-5.259867633729604641e-01
-8.071931396808382231e-02
6.468742649663434818e-01
-9.234937972810972617e-01
9.931413204762513658e-01
9.786740678042944452e-01
2.836247580766277365e-01
-9.748483624797998903e-01
-1.000000000000000000e+00
-7.614716905504816946e-01
9.957842633478652949e-01
2.956956382288581375e-01
1.000000000000000000e+00
-6.108269804161264860e-02
-3.653839916339314819e-01
9.925140625527448801e-01
-8.451929994823478287e-01
-7.631009136292226103e-01
2.416195166991504106e-01
1.000000000000000000e+00
-1.000000000000000000e+00
-6.501378332708910301e-01
-7.522850092429919644e-02
-1.000000000000000000e+00
-1.000000000000000000e+00
8.982924451035785296e-01
-1.000000000000000000e+00
-8.009080213542112414e-01
-9.921461521450850585e-01
4.487879514304238815e-01
1.000000000000000000e+00
-6.191288200424546057e-02
-5.992873784432259932e-01
-1.000000000000000000e+00
1.846619822685992007e-01
7.188714449295094400e-02
1.000000000000000000e+00
-9.841780727598412604e-01
-3.352864115274830636e-01
-9.849793836442619632e-01
-5.851415674920651400e-01
-4.434538876066349000e-01
-4.942917451825383224e-01
9.939807919083825105e-01
4.530710346363144847e-01
4.394941730741526165e-01
9.319949329006823602e-01
-1.000000000000000000e+00
-5.139442572596827352e-01
1.413742318014075128e-01
9.698747243008163377e-01
-6.445998126724357125e-01
5.849914783089933401e-01
-6.990592238650632506e-01
-4.571155443361432646e-02
-1.000000000000000000e+00
8.153976363167122487e-01
9.504052455473603889e-01
-6.680665619230286012e-01
5.411677051785952763e-02
-9.809629387691406466e-01
-4.411249577820073320e-01
-8.210067084372233426e-01
-1.000000000000000000e+00
-9.995726645672696753e-01
7.967811253148294748e-01
-9.768544574769961741e-01
2.414960142160895440e-01
9.994391389431964701e-01
4.851839502219719158e-01
-5.461804298879334718e-01
8.243463826910066850e-01
-2.653860305475541637e-01
1.000000000000000000e+00
9.983036586659224110e-01
1.000000000000000000e+00
9.742826900687748815e-01
-6.891230147456829380e-01
-1.000000000000000000e+00
-3.142450646853994223e-01
-1.000000000000000000e+00
-9.716314249197983699e-01
-1.947910168907480977e-02
1.000000000000000000e+00
-3.168819528913560113e-01
-9.999815576250058458e-01
-1.000000000000000000e+00
7.095973559737802638e-01
-9.952022980401762364e-01
-7.531287266129230717e-01
6.809686202170650571e-01
7.007348937490939789e-02
9.956244570774221980e-01
3.177133787832754352e-01
-4.549740319424462331e-01
-3.781985812662520541e-01
4.519634991502101129e-01
-1.110855510159822618e-01
9.015978134714301984e-01
2.324091356496264527e-01
-8.527025643824920342e-01
-2.892644488289857624e-02
5.184722903072600531e-01
-3.170071115454600741e-01
-4.983349412148749269e-02
-9.930923718858750693e-01
-4.478594578218435540e-01
5.433402437145895547e-02
9.990830325954846991e-01
9.972900187942512762e-01
9.949324207406090581e-01
1.000000000000000000e+00
7.000750193930763698e-01
-9.900461474351620605e-01
2.114261105050951883e-02
-9.404936366511926771e-01
1.272094716460619446e-01
1.000000000000000000e+00
1.000000000000000000e+00
1.000000000000000000e+00
-7.931225702753378348e-01
-1.000000000000000000e+00
3.382061873314832212e-01
-5.876114265007268411e-01
-5.340529217362166570e-01
-1.078460364728406340e-01
9.761573026129145569e-01
-9.991687368261472635e-01
6.845966922400117394e-01
-6.448359704915384016e-01
1.225954612260008736e-01
2.646171330566419178e-01
-3.525151091983098617e-01
2.870908220590975279e-01
2.841381330735098798e-01
5.804237786447306174e-02
-6.912258656090659592e-01
2.287834440248306955e-01
-1.000000000000000000e+00
1.000000000000000000e+00
5.138420376061189065e-01
-4.032240172293850011e-01
8.953605203629545484e-01
9.169434455038443232e-01
-1.004254795311071841e-01
