1.000000000000000000e+00
-1.000000000000000000e+00
-5.368337165211845008e-02
-8.264104952862779685e-01
4.994011672004420310e-01
-7.963139387361390931e-01
-1.000000000000000000e+00
-8.022734002209579440e-01
9.066889397017779961e-01
7.264732792494559277e-01
1.420438201688578594e-01
1.000000000000000000e+00
8.625135537547243825e-01
-1.000000000000000000e+00
8.858954757333648011e-01
-6.976958817589100637e-01
-1.000000000000000000e+00
3.178873220812069578e-01
1.000000000000000000e+00
7.955198633212081649e-01
9.563157738868460767e-01
1.000000000000000000e+00
-2.829103954308851421e-01
1.000000000000000000e+00
1.000000000000000000e+00
-6.341051707717813013e-01
4.442716666756097443e-01
-9.189093833585232352e-01
-1.000000000000000000e+00
-1.000000000000000000e+00
5.872342736552722542e-01
1.000000000000000000e+00
-1.000000000000000000e+00
1.787845189384659195e-01
-4.389629702514347143e-01
-1.338969732711612903e-01
-8.032228012950134444e-01
-4.886910914564526753e-01
8.779944689103794109e-02
1.588317698842238168e-01
1.000000000000000000e+00
8.572510206564905033e-01
-2.139024841068798422e-02
-4.751164830412559215e-01
1.195991358075289002e-01
6.979048073681592967e-02
-1.000000000000000000e+00
-1.000000000000000000e+00
-4.255156442389358973e-01
-1.000000000000000000e+00
2.063808351112148554e-01
5.970169710609887215e-01
-9.470175488528631558e-02
-1.000000000000000000e+00
-2.035708982890162555e-01
3.394693111601738700e-01
2.028818113183387672e-01
-9.761430254297503994e-01
2.970064889696262256e-01
7.922194513314015918e-01
-9.983644884075442150e-01
1.000000000000000000e+00
8.487801504227883154e-01
-2.097419358494834185e-01
3.931446797648093794e-01
-4.212054225443820910e-01
1.201980658685086745e-02
0.000000000000000000e+00
-9.071756979386839115e-01
1.007054695649040044e-01
-8.733215603101385227e-01
7.212671607707985544e-01
7.367839552948660664e-01
-1.000000000000000000e+00
4.922129368624978962e-01
-1.000000000000000000e+00
5.090097985881035791e-01
5.688564759074926647e-01
-1.332667691118457620e-01
-1.168623349150142987e-01
1.095205595097161755e-01
-4.569874625176197913e-01
1.494964522014177177e-01
1.000000000000000000e+00
5.999611142811578368e-02
2.778470622898925324e-01
1.000000000000000000e+00
-1.000000000000000000e+00
5.737255935015308506e-01
2.081521680430172827e-01
4.017455366578324139e-01
2.750130855260516927e-01
6.507270902659876288e-01
-5.916988192566036142e-01
-3.463741889518217043e-01
-8.718380353701882246e-02
2.778326025223708529e-01
3.096640034591722213e-01
5.887728517349188895e-01
8.212428602199890459e-01
2.342762060408160596e-01
-1.842139760872877341e-01
6.656658800084460648e-01
1.000000000000000000e+00
-2.587555774228583183e-01
5.462316732365388727e-01
-3.060571201629629368e-01
2.611431824508438915e-01
3.015502237924655993e-01
2.964637807191341512e-01
9.448505288467187180e-01
9.212977661636206905e-01
1.000000000000000000e+00
-3.762931228297287101e-01
-1.269482595382711576e-01
1.000000000000000000e+00
-1.000000000000000000e+00
1.000000000000000000e+00
-1.000000000000000000e+00
-1.000000000000000000e+00
-5.872172308829193277e-03
1.000000000000000000e+00
5.047835546373978799e-01
-7.628147434296532747e-01
-4.780069284113684924e-01
7.230393539095694155e-01
9.263208852951889671e-01
-5.069082628527914469e-01
9.646641704716962806e-04
-6.367370438395133503e-01
3.754274517345045914e-01
-1.000000000000000000e+00
1.212372282053435502e-01
-2.619542960350264571e-01
-3.043935063498472426e-01
9.401343199285049357e-01
-1.000000000000000000e+00
-9.236480914888356430e-02
-4.422037634137234163e-01
8.550633369384603721e-01
-7.088146598138862498e-01
8.432780931598720109e-01
-8.868969648836199093e-01
-1.000000000000000000e+00
-5.206822793979597463e-01
3.536365910465915086e-01
2.316120351999327864e-01
-1.000000000000000000e+00
-9.377915536264476160e-01
6.071583719349301633e-01
8.621376233200213068e-01
4.081119375065654920e-01
-4.956306965316182311e-01
1.000000000000000000e+00
-8.256554209771862496e-01
-2.973313505044021809e-01
-8.315024426701079774e-01
6.807317420373268924e-01
-1.084587740002638245e-01
-2.908352304328670757e-01
8.332239214703918151e-02
6.514735341455023532e-01
4.616414787933669217e-01
2.628288704883836591e-01
-1.000000000000000000e+00
1.000000000000000000e+00
1.705957425563804364e-01
-8.635065061455775570e-01
1.000000000000000000e+00
-9.181560415640499517e-02
-6.349923933358715411e-01
3.758102360843031953e-01
-9.392174751355499840e-01
8.068265436674759705e-01
5.960680121957091515e-01
-9.489456834020887355e-01
2.627342004100484130e-01
1.000000000000000000e+00
-6.715049013811708045e-02
-6.262835523514677094e-01
-3.308709422877673667e-01
-4.237653934657633625e-01
-9.579952649947274246e-01
-1.000000000000000000e+00
7.001010827301368256e-01
-1.000000000000000000e+00
-1.000000000000000000e+00
1.000000000000000000e+00
0.000000000000000000e+00
-1.000000000000000000e+00
9.423807614252516229e-02
-1.000000000000000000e+00
2.059701973188149404e-01
-4.078884975349617026e-01
-3.652444377956670651e-01
8.120615441744967189e-01
-8.549494640784526256e-01
-1.867539024650811674e-01
1.000000000000000000e+00
-1.000000000000000000e+00
3.599690745456096130e-01
-9.608590524060589555e-02
4.570797964769022226e-01
-9.912230642996722185e-01
-1.000000000000000000e+00
4.418538812576547348e-01
-5.612319398757205091e-01
-6.765079252180394853e-02
-3.921270273166254650e-01
-1.058342348843624714e-01
4.575764683007875200e-01
-6.978170884190928458e-01
1.000000000000000000e+00
-6.117593329070198926e-01
-9.103643163016810202e-01
-8.548996749466113432e-01
-5.350149560654826608e-02
1.000000000000000000e+00
8.417705749331503284e-01
4.836084674064775601e-01
-4.718175753444072695e-01
1.000000000000000000e+00
1.000000000000000000e+00
-2.935212101625733760e-01
-1.458776994464271448e-01
-4.637940767526129160e-01
5.188332355535874019e-01
-1.000000000000000000e+00
4.934118005328522738e-01
1.000000000000000000e+00
3.282776426416811333e-01
1.000000000000000000e+00
6.365997484698286968e-01
2.660332472185689134e-01
-4.783143472042995503e-01
-1.634460758388086021e-01
-1.000000000000000000e+00
7.491673989516185461e-01
6.645110812476608952e-01
4.326235582348995079e-01
7.532242696616844313e-01
1.000000000000000000e+00
-1.000000000000000000e+00
-7.796020261930505235e-01
-1.000000000000000000e+00
4.106199849746987596e-01
-5.062446405992545584e-01
-1.000000000000000000e+00
-1.000000000000000000e+00
1.000000000000000000e+00
-1.000000000000000000e+00
3.398016455307766304e-01
-6.809775509931013104e-01
-4.443959827789145667e-02
9.642461942922463392e-01
6.376489113149601540e-01
7.659395542049500794e-01
-9.035658196024944910e-01
1.000000000000000000e+00
-9.644370674990743186e-02
7.795003679536508523e-01
-8.168780771406876084e-01
-1.000000000000000000e+00
-5.605675643599734581e-01
3.041023527927755876e-01
