-6.802211226193954907e-01
6.460933427416865049e-01
-1.437043316385081537e-01
-9.836410143733751443e-01
5.757501173111839732e-01
2.352227136157779563e-01
-1.207651244135117957e-01
4.610253379465798496e-01
-1.958351436375853072e-01
-4.715952213878057409e-01
8.616500196472938189e-01
-1.391489685128264320e-01
5.611081644973927585e-01
-7.393669500998869548e-01
5.673396701149649446e-02
-6.217174440634134491e-01
5.468294442259495902e-01
-6.082856018193699699e-01
-1.299152141175297370e-01
3.230361311829458848e-01
-2.710387693198524905e-01
7.086159970388739016e-01
-5.085437491466180404e-01
-6.766011785194635531e-01
-4.937691863694809169e-01
-2.674074568675693930e-01
-5.979699830820459638e-01
7.756489168604777662e-01
5.683879195092876868e-01
-6.708840790614520877e-01
-3.885533680143378188e-01
4.875827982652496950e-01
-6.134106878464934409e-02
4.019003334067193234e-01
2.230757884807170743e-01
-1.994397007556452106e-01
-5.235322147144709781e-01
-6.558022421389084200e-02
-7.289399270825317467e-01
-2.317908213232443559e-01
-2.645328801680363329e-01
6.242502371631507563e-01
-8.284955682310366498e-01
-5.341213717467525185e-02
5.435317842957781975e-01
2.420977191911660165e-01
-1.000000000000000000e+00
-4.467669767801688563e-01
7.293299727228106377e-01
-1.014350913934123355e-01
-1.204424798594216778e-01
4.115716818909521124e-01
-3.883537132126479996e-02
-1.567584474312013754e-01
6.609298819229439959e-01
2.629699250933906773e-01
6.013848244828424727e-01
-6.696598044308731401e-01
6.150166115513004961e-01
-5.451451526222045318e-01
-2.181705374896754646e-01
-2.551276250223147857e-01
-8.092558194534124061e-01
-2.137578018601434260e-01
-4.129375530557355400e-01
-6.977606369763835747e-01
6.786902930545005153e-02
5.728485522798554275e-01
9.343880363037904146e-01
4.895551732424930913e-01
-3.662368996980846503e-01
7.953729188250904802e-02
-7.832779432782946971e-01
-2.148703475727173906e-01
-5.818630625704130921e-01
-5.897601317104923524e-01
4.613711963105315839e-01
-5.249057263279344188e-02
-1.894720711292055548e-01
3.617509590955557131e-01
3.372069732708131706e-01
-6.755196546460934259e-02
5.512467101748955711e-01
-1.000000000000000000e+00
2.974780457776187159e-01
-2.094414801145328409e-01
-2.116136891615952309e-01
3.520959641371499971e-01
2.010662878827869926e-01
-1.640319238887186781e-01
-1.000000000000000000e+00
-1.150477143265746238e-02
-3.337677440599578493e-01
9.977617759901011851e-01
5.424430961967501297e-01
3.776484376008387711e-01
1.719303876558908595e-01
8.023369896153511593e-01
4.462730120226174324e-01
-9.427883727888872190e-02
3.851129260479517757e-01
-3.549324203762705410e-01
-7.495028741959670615e-01
-3.404785528149163465e-01
-6.657196562339429136e-02
-1.431009076019404413e-01
6.338502926498668089e-01
-5.744770008907954528e-01
2.852881474473076828e-01
-6.114096126075334592e-01
-5.354264167454989010e-02
1.000000000000000000e+00
8.361575459896572471e-02
-1.817322231345088190e-01
-1.319018263138879432e-01
6.738657466783875005e-01
5.246132101555930349e-01
4.038422846452066062e-01
7.759335813943106785e-01
2.722447292062428192e-01
-3.990957227437657018e-01
-1.308353910006757881e-01
1.753502276877356991e-01
-4.323174843628856817e-02
-2.614691150326964308e-02
9.838191973482930397e-01
7.852033330556418278e-01
8.997474747975744980e-02
-1.622764987276302528e-02
3.419931530077546800e-01
5.145960884307287930e-01
-6.423556898066137277e-01
-5.905931730925740863e-01
9.110504853255175783e-01
4.541270845197930006e-01
5.551606495774032979e-01
5.536816267981622963e-02
-4.136099743099103110e-01
-2.947581389555511411e-01
-7.876915039842637967e-01
5.933412818546962564e-02
-7.972339905829664009e-01
-3.828171392780148619e-01
-5.440106833944681197e-01
6.208795914062847920e-02
-3.088033710499021867e-01
-9.607416372443176034e-01
1.597327619621862482e-01
-3.609309177884703623e-01
6.578078674376333645e-03
2.514592468793245827e-01
-9.510234219314640802e-02
8.751313416374797427e-01
-4.809555451823969152e-01
8.408008128811690352e-01
-3.443121096452304020e-01
5.051641120725658407e-02
3.164523163788315885e-01
4.734593950350821090e-01
2.230314938241516332e-02
-2.392922804914887625e-01
2.309943703590285335e-01
1.625735809209505611e-01
-6.987321025061260515e-02
3.274883055880022376e-01
7.045700678294124497e-01
2.517628295303150909e-03
-5.093412741157392620e-01
-6.265322297425893749e-01
4.840978686550850840e-02
5.786474566660948504e-01
-2.250024529272747764e-01
6.774337621724573211e-01
3.296027571782189636e-01
-8.309033254830733295e-01
8.006972013644734210e-01
1.000000000000000000e+00
-4.220221166797826773e-01
-9.974018877579482467e-03
-4.079622840496598957e-01
9.558372274949744618e-01
-1.820091309362663334e-01
6.329755022892771255e-01
-3.792796440716181272e-01
4.798177284884541094e-01
-3.616583489451586364e-01
-6.033081430353436359e-01
4.718420787219161361e-01
-9.602648568188600908e-01
2.253833666866954522e-01
-1.796004529361012736e-01
4.486298790493234434e-01
7.832113271509746344e-01
-3.667900470393772316e-01
-5.616084370700752393e-01
2.584401676264110881e-01
-9.380782941883532011e-01
6.117929542113462182e-02
5.234416663329279906e-01
2.645556101715186292e-01
3.372711196893482533e-02
-8.248034632959696522e-01
2.759972864109587753e-01
9.173741092906396721e-01
9.017258418559592759e-01
3.869378245120493887e-01
-3.161540075929998306e-01
-4.044452926341246535e-01
3.981018287886969875e-02
1.000000000000000000e+00
2.476060675386601018e-01
-2.234439886168441414e-01
7.719985223844929578e-01
7.534823915455116650e-01
9.756697605910394921e-01
-6.722457410267471678e-01
8.993876771539734971e-01
4.916304831572427259e-01
-2.807388463145152335e-01
-2.807423547812867154e-02
-3.550299670147931685e-01
7.684747752177574498e-02
-9.194259137046079111e-01
3.314597026372820832e-01
3.123241791257669320e-01
1.371977915336726472e-01
-6.439574347227933204e-01
-1.408396876147388344e-01
3.801567535450725011e-01
8.339672153341794181e-02
-3.751361270542301063e-01
-8.476034936052500024e-01
4.004062500336691421e-02
1.719053369187575619e-01
4.851196908770702976e-01
-2.184339867252395873e-01
-4.537920665490446925e-01
-4.141925537462245455e-01
-3.595790143006859507e-01
8.732861480301634671e-01
-1.000000000000000000e+00
1.354306694664227373e-01
1.000000000000000000e+00
-5.520550583727394933e-01
2.473040257773961303e-01
2.894652108952170955e-01
-9.507631466057424596e-01
5.452069368991806497e-01
-1.587721021698464408e-01
1.000000000000000000e+00
5.344995955870370796e-01
2.023091492959606663e-01
7.836792737195314995e-01
1.455723496215191037e-01
4.528145840415083168e-01
-5.457768534476924449e-01
6.674842151602773388e-01
-7.635243189228990701e-02
7.961748326188987368e-02
-6.720404600991476407e-01
3.623629329976603142e-01
1.481106268213711608e-01
-9.147347697858938809e-02
-3.572094223501937060e-01
3.352452211463321508e-01
