-2.654949805453110101e-01
5.468885739346515673e-02
1.465778973894388548e-01
3.874651957486227594e-01
-9.649090706395926365e-01
-1.000000000000000000e+00
1.000000000000000000e+00
-4.084230139900814072e-01
-4.789112393594988637e-01
1.176963444688775839e-01
3.479676246875158530e-01
0.000000000000000000e+00
8.502683195275932970e-01
-2.271274644845363566e-01
7.044727314507475135e-01
-2.087132159970045975e-01
-3.159864181393987614e-01
-1.256803523812523027e-01
-8.685237073552215525e-02
-8.039974507798632875e-01
9.435971494951398419e-01
-9.505038222935660031e-01
6.307090847424828839e-02
-2.902032462714496663e-01
-5.512698186665625499e-01
5.967552245015135259e-01
1.746007773363254523e-01
4.665455693670962356e-01
5.347698055590061061e-01
5.651155401168290737e-01
-6.719691980675069898e-01
5.620224028185623055e-01
8.747129169839382712e-01
9.680116529427007510e-02
2.896428492914957520e-01
-4.214826343293815447e-01
-2.113258947595687554e-01
-2.269411603501652053e-01
-1.267071753186363448e-01
-1.000000000000000000e+00
-2.464940717021493199e-01
-7.406530826760313602e-01
3.539151373362707242e-01
1.164023813301695853e-01
-4.966027588799504233e-02
1.000000000000000000e+00
-9.007083754216871352e-02
9.652923569043506680e-01
5.363049095876240013e-01
-6.588143720635895040e-01
-6.887333961417807515e-01
9.879796148961736968e-01
-1.000000000000000000e+00
4.164177893833987953e-01
-1.357219353308584675e-01
-1.524797807348735601e-01
-1.518372162081920718e-01
-5.682155073004846457e-01
-9.770223285768259158e-02
-5.093398083264590870e-01
2.558097084097970542e-01
-9.046860359973478705e-01
7.640159833893537256e-01
1.000000000000000000e+00
6.089142338837973956e-01
-4.165343236257735837e-01
-1.000000000000000000e+00
-7.417215527112923645e-01
-1.050114269791086186e-01
3.807541845225754229e-01
-6.102471090533926334e-01
-4.122132775670213078e-01
-1.311869728869839158e-01
-8.510324606761239252e-01
-6.238175416198052936e-01
-2.107239778929419494e-01
-1.163538331152402794e-02
2.294447590689024929e-01
3.047168392519686853e-01
-3.116469874834400522e-01
-5.119069715216407745e-01
7.553623636615712789e-01
5.017137828690152457e-01
-5.981778587799203573e-01
1.492133005545224766e-01
-1.000000000000000000e+00
4.975847073926307207e-01
4.097469269628037924e-01
3.407655923191867386e-01
-1.000000000000000000e+00
-1.563667726200747010e-01
9.400660365674551322e-02
7.370768122907997988e-01
5.601479553841087755e-02
2.553280548735573641e-01
1.000000000000000000e+00
-7.401070447389900275e-01
-1.000000000000000000e+00
-5.843320800884378441e-01
1.000000000000000000e+00
-2.380187053781223083e-01
-2.155149489037972987e-01
-1.164456431420681226e-01
4.487288501558668319e-01
4.799960787476751367e-01
9.825205501641982586e-01
1.506936669734740830e-01
-6.157794359025642317e-01
-2.993866916723209037e-01
-7.263327525037763799e-01
-6.969401214307342496e-01
1.225433637711236257e-01
-1.000000000000000000e+00
6.499973284250522010e-01
8.929849861180150228e-01
-7.371302891024011927e-01
3.216644551176714995e-01
-6.541336557215384762e-01
1.000000000000000000e+00
4.875316373463244313e-01
3.368009507737026453e-01
1.386091679619679273e-01
1.000000000000000000e+00
-2.499461134386596339e-01
-4.749438456508693895e-01
-4.549960569252474163e-01
-5.682272180974613507e-01
1.084240641291345786e-01
1.688230285897347471e-01
4.398811564431094334e-01
-2.760831220729794144e-01
9.652799481071105969e-01
1.958346169875128662e-01
2.580725678853684202e-01
-4.609982848212161866e-01
1.000000000000000000e+00
-1.272857620315860916e-01
-6.166191978572105326e-01
-7.082331615026558058e-01
-9.472232204217310159e-01
8.603372833233720041e-01
-6.033405334378614260e-01
-2.434317494156540418e-01
3.050605299749475918e-01
-2.473074655785012510e-01
-1.000000000000000000e+00
3.039626922744491644e-01
3.834295404453247347e-02
-5.128199628747015515e-01
-6.027301436296019777e-01
-1.212904018148836527e-01
1.004412755286391290e-01
-4.361741861475348925e-01
-6.341528037338747259e-01
6.573109003087485025e-01
-7.292610363170539678e-01
9.090849623793324508e-01
-1.000000000000000000e+00
9.284447581465840038e-01
-5.072961690522261868e-01
4.496905425741715145e-03
1.877648783277645061e-01
-1.000000000000000000e+00
-2.153728019875952859e-01
2.277173548890173427e-01
4.178964731616793271e-01
-7.564607349244047985e-01
7.881637973309068013e-01
1.000000000000000000e+00
8.769199694607663353e-01
-5.608228424309497084e-01
-5.675861948262361789e-03
-2.175980427372279369e-01
1.000000000000000000e+00
1.000000000000000000e+00
-6.859537551575767278e-01
5.981754573726556501e-01
2.988046542616996093e-01
-7.346365256320108728e-01
-9.308691029405932182e-01
-9.641245976888401792e-01
5.194733915303229033e-01
3.521820481189564256e-01
7.067255333497765024e-01
-1.198142136522791779e-01
-3.766264754381064561e-01
-1.200658201028199645e-01
-5.839297525418913892e-01
-9.007306615559660390e-01
8.873771471853131310e-02
-5.876121449525533169e-01
-3.285581316978707922e-01
-4.697307324490317404e-01
-8.465796484614703798e-01
-1.000000000000000000e+00
5.292814845083233521e-01
1.000000000000000000e+00
-2.588605393601731142e-02
-6.182017447564230883e-02
1.000000000000000000e+00
5.901266821055954903e-01
9.660265982472546753e-01
-1.000000000000000000e+00
2.434114299135536896e-03
1.000000000000000000e+00
4.519502597733505711e-01
5.880612307754642387e-01
-7.295948318568468149e-01
1.271510191348163565e-01
1.000000000000000000e+00
-6.310374873756028347e-01
-4.216533497756569382e-01
1.000000000000000000e+00
5.074721957122847460e-01
-4.804964806014278000e-03
6.025820235599932406e-01
2.249696510319794118e-01
-8.965228857155738140e-01
-1.457691377031377633e-01
1.082655691920320074e-01
-9.644289186855756757e-01
-1.882523993108159432e-02
8.982443844610024097e-01
2.154214248293210565e-01
-5.198499033590422425e-01
9.504713341472602606e-01
7.522603248963164457e-01
3.445498887395296306e-01
6.146823096760869465e-01
-4.432216859716581192e-01
1.196445246216463199e-01
-4.713786973870768282e-01
-1.452214047599355018e-01
1.870036291581731736e-01
4.870564917623986245e-01
6.233165002199870797e-01
-3.630427925276363821e-02
8.088162427472267435e-01
7.513995843894449855e-03
-1.276858476914369822e-01
-6.455129466672318017e-01
-5.339240271035204932e-01
3.858365178405570584e-03
-1.484705234024152887e-02
-8.609904425884309376e-01
-4.848517019676875650e-01
-6.412360930170435402e-02
4.998777185542764845e-01
1.606904940369358048e-01
9.360096926262910788e-01
-3.927943271705029993e-01
-4.983856078650285015e-01
1.691167559215198679e-01
-3.022957237899988048e-01
2.385546395145765608e-01
-5.150611975229815176e-01
1.749210336146664324e-01
7.983345003780302207e-01
6.592830972217903485e-01
-3.536258315405972907e-01
3.407100750666944844e-01
-3.315321488410620798e-01
-5.893299206584828864e-01
1.818410254446954921e-01
-6.864884306245773171e-01
