-7.440512269631020803e-02
-1.331056334719966927e-02
9.783195332260176125e-01
9.911243720737961116e-01
-1.000000000000000000e+00
9.916758868782622471e-01
9.639041002321186991e-01
-9.737865937911129866e-01
8.862042629636517344e-01
5.065342622541322282e-01
2.521394824525482470e-01
6.527945495451438207e-01
4.805611042597082716e-02
6.318858350232519072e-01
5.363855775943855708e-02
-1.964914499078217747e-01
8.379170515584283274e-01
1.929581492187165126e-01
-1.017343952446797192e-02
8.073626866699845639e-02
4.846147518870836945e-01
9.513704894055606820e-01
9.547596449819417685e-01
8.817603944188509013e-01
5.381429480267177490e-02
-6.561943988644557413e-01
3.160722213337360809e-02
-5.222681779791789325e-02
-4.476407789928135150e-01
-4.362662656061938593e-01
-4.173405408421531071e-01
9.770913986544063068e-01
3.416367809887660423e-02
6.052408577315599586e-02
-8.986959590767867878e-01
-4.092336993182526528e-01
-5.300269503688969097e-01
8.953960653300311323e-01
2.136836675915892991e-01
6.258937928053498467e-02
9.892906095895308560e-01
-6.937320044658326079e-01
-9.523782076540459052e-01
-8.272206423950831944e-01
5.257287176039442400e-01
-4.038926077231829725e-01
-1.485687380607001451e-01
-3.333879931087003756e-01
-9.338427259717148043e-01
-6.806398920158301946e-03
-9.272257766320607386e-01
3.141727260789874965e-01
-9.343265434412149073e-01
-2.032381816169953961e-02
-6.863851882850002806e-01
5.566309785733840609e-01
-8.329275840399978925e-01
-7.849122871914508970e-01
4.105784667966448920e-01
-9.861194768168133340e-01
-2.809889127444382129e-01
3.080992938695964467e-01
-8.547446239675631219e-01
4.012869931424525305e-01
-9.795360457398866183e-01
9.416342688037028230e-01
-9.457181690971907528e-01
-3.414960030570317606e-01
3.713041031688462112e-01
-7.851117347543963287e-01
-9.805462313654418338e-01
-8.138433341967975521e-01
2.579060049291284282e-02
-5.312853438570739328e-01
-9.860022240669035209e-01
8.927987514012949433e-01
4.320292441978407227e-01
-1.214999859991829079e-01
-9.950285858669685179e-01
-7.194064661386228021e-01
-8.708494203339269824e-01
-9.962155446347149557e-01
2.441127378639621204e-01
-2.401250744300230111e-01
9.966693515502507150e-01
9.609949255306537985e-01
1.452256379091794447e-01
7.892157617411750259e-01
-9.904030751933575738e-01
9.274783756351511199e-01
-1.005649183084651732e-02
-1.000000000000000000e+00
9.485364997527130637e-02
-1.324556099958821842e-01
-8.591143054969425652e-01
8.706775412993598140e-01
-6.323889426015391613e-02
-3.637402483227490935e-01
-4.695372230765061938e-01
-6.340911856031836713e-01
2.384902723123016877e-01
-9.435431577468240683e-01
9.781493169953904276e-01
-5.470448573196025066e-01
9.169510345535409890e-01
-3.807259983406987569e-01
4.379443325837065748e-01
-9.984668680791057849e-01
-8.780465409876161420e-01
-3.454483402213852639e-01
-4.011189229707126658e-02
8.447041159635844121e-01
-9.363001035090594559e-01
-9.435799026275597523e-01
-9.986286822535854757e-01
9.945354613372303643e-01
3.800751143877281746e-01
7.374964711676024187e-01
-9.834089754176665588e-02
3.544052393375980436e-01
9.764211143643355406e-01
9.623387968631318401e-01
-9.592370649472736766e-01
-9.904699302269543981e-01
-7.467765336562289802e-01
-7.026349809302963045e-01
-6.707687306807084138e-01
9.736783421613481870e-01
-7.671928041459865621e-01
-9.989005877240791920e-01
9.680635655064200318e-01
-9.469837647205151532e-01
6.299867265471774669e-01
-1.910931642108780193e-01
-7.744001726279496900e-01
7.911679029036029487e-01
4.209653227422091026e-01
-8.057780634117897023e-01
9.932639161144483086e-01
-1.000000000000000000e+00
-1.669315738434001273e-01
-7.861698671890191559e-01
1.737947532751106805e-01
-5.751283341504234148e-01
8.415614433689344587e-01
-9.837670032815777343e-01
-9.255206879797150954e-01
-7.044517855801624151e-02
2.385793777466945764e-01
3.744262106100774701e-01
4.922227122960619594e-01
-8.404315721441357745e-01
9.461290651595628542e-01
1.000000000000000000e+00
6.693364402158139548e-01
-4.179626194565515540e-01
7.423765750396704721e-01
9.769090749557229891e-01
-8.271641287764193162e-01
1.000000000000000000e+00
2.439297016885866032e-01
6.852992747935369167e-01
2.179589263499962515e-01
6.244819764456696065e-01
-1.000000000000000000e+00
9.944557601609040898e-01
-3.749238583969065619e-01
1.991837498645417370e-01
3.172402731408555665e-01
9.862196308861922445e-01
-2.158834829962989477e-01
6.111872219997123157e-01
3.592598409454884067e-01
-5.240543766080772992e-01
7.351550707322591638e-01
8.307780623815586019e-01
9.902561476541263952e-01
7.976016243162581398e-01
-9.869714203099407834e-01
-8.651432752974479445e-01
3.146868713120834493e-02
-9.934977403720770539e-01
-8.962118732798278753e-01
2.406863249650254555e-01
3.893721312609721985e-01
4.100329337238912686e-01
-9.955665086518514784e-01
7.571684776191106581e-01
1.000000000000000000e+00
9.672035612946384697e-01
1.000000000000000000e+00
6.919934958828261040e-01
9.736454561297841481e-01
7.037191106883531333e-01
9.989888017303046874e-01
3.581334262420952097e-01
8.375591309846124322e-01
-4.690415417266186604e-01
-6.141079909435993578e-01
6.476762597167869950e-01
-9.840343697455760097e-01
1.361015785894144625e-01
1.000000000000000000e+00
-9.991463312333082047e-01
-2.129424278986345176e-01
9.734531356755506959e-01
-3.304741047318582869e-01
8.505622599633331227e-01
3.430565432351774247e-01
-6.595112031207792658e-01
-8.463116171164778434e-01
-3.081174088564022640e-01
9.850748587343911566e-01
9.954120430564552535e-01
-4.006875857585981970e-01
-1.000000000000000000e+00
-4.005630856559488362e-01
-1.000000000000000000e+00
-3.275238362647691082e-01
3.291263351705991935e-01
9.212045624260654098e-01
9.959283985270888095e-01
-9.708755168414259229e-01
-4.163510858135760495e-01
4.861492619489433675e-01
-5.040589529436585448e-01
-9.585061258777877180e-02
-9.796260665764119357e-01
-1.000000000000000000e+00
-9.891382472623918565e-01
8.557034545930236602e-01
3.601764107390201808e-01
-9.900853148780557333e-01
9.983206900289223196e-01
2.195735287790307189e-01
7.082422697322448002e-01
-9.743803979063342391e-01
9.477766420752598009e-01
-9.699406796642601192e-01
-8.804169888806642197e-01
9.638690436856280908e-01
-2.383300542894141172e-01
9.836057196802817648e-01
2.670727518760988017e-01
1.432988239570455735e-01
-9.949116855877881971e-01
-9.213473542526136040e-01
9.782742998377198518e-01
3.702307548197500964e-01
9.953115975147384109e-01
-5.556443745108713417e-01
9.900355368071473983e-01
6.180303020376181067e-01
1.000000000000000000e+00
2.209500690189013794e-01
1.226242785101106514e-01
-7.744088894866911765e-01
1.990160177446747558e-01
-8.433858631498043490e-01
-9.836126918118635043e-01
-2.189839174009789446e-01
9.987074355343728005e-01
-7.215569662722820521e-01
2.121440445740467307e-01
9.801220982609682997e-01
