1.187552592883916180e-01
-9.697407279236092137e-01
-4.212407578215509041e-01
1.108176201268276651e-01
1.000000000000000000e+00
-3.089926871620473636e-01
6.325523618547182481e-02
7.700354727711598013e-01
5.340971322037181279e-01
-1.000000000000000000e+00
1.523932635666103708e-01
-2.752707565494835196e-01
6.965868263133462301e-01
-2.953258386915480482e-02
1.744266528379009307e-01
-8.359708544782906703e-01
1.000000000000000000e+00
3.828074562823493010e-01
-8.603129155934924333e-02
4.068086650948878891e-01
-3.899853664209873005e-01
-2.908470016197988728e-01
5.393016822279956823e-01
9.218471231893612949e-02
-1.000000000000000000e+00
-1.000000000000000000e+00
7.420880681748394103e-01
-6.528630101672383557e-01
-9.003989354175920834e-01
3.836239092706710818e-01
1.000000000000000000e+00
1.479265634955712061e-01
9.104348969615416731e-02
-8.427161949925610074e-02
-6.374907058349610356e-02
-1.663962066761564551e-01
1.000000000000000000e+00
6.791614517548509866e-01
-2.791174462471543993e-01
1.549285872923640561e-01
-1.000000000000000000e+00
-8.779389947147920870e-01
3.034039824753586023e-01
-1.000000000000000000e+00
9.935809885894253402e-02
3.846043775171196222e-01
-2.445909124133865964e-02
-1.000000000000000000e+00
-1.000000000000000000e+00
7.239963936667765942e-01
-4.219911907494951486e-01
-1.069221848642720185e-01
2.079652983739083139e-01
-8.160022386225462832e-01
-1.000000000000000000e+00
7.164887986840491330e-01
-6.415304829774084450e-01
-7.976863864753345190e-01
1.000000000000000000e+00
-6.166771275608633474e-01
-1.000000000000000000e+00
-1.000000000000000000e+00
-7.897991341515849806e-01
7.609630257996913283e-01
-8.611901651490698750e-01
1.055325987670316934e-01
1.000000000000000000e+00
7.486898642935040371e-01
-5.189354925132567686e-01
1.000000000000000000e+00
1.000000000000000000e+00
-1.000000000000000000e+00
8.108791230358589619e-01
1.040283148088525511e-01
-1.000000000000000000e+00
7.431788718801229932e-01
7.901424133315579912e-01
-1.000000000000000000e+00
-8.002987315840096594e-01
5.874497570026891990e-01
-1.000000000000000000e+00
1.000000000000000000e+00
-8.203502586549744624e-01
-1.000000000000000000e+00
1.789612038968199093e-01
2.867814802967446619e-01
-1.554802101077149001e-01
-4.297577611471252168e-01
2.937594565784572564e-01
-1.538272946127817176e-01
3.970429686279031145e-03
3.454103026548416278e-01
-8.907934715167999951e-01
3.660667416633418547e-01
-8.649646213927636440e-02
-7.131594379676244877e-01
-1.000000000000000000e+00
1.652455446155955965e-01
7.292214258822731221e-01
-1.000000000000000000e+00
1.000000000000000000e+00
6.019112571194100703e-01
-8.239842881519858775e-01
-3.805105981463524634e-01
3.196709493190508233e-02
1.000000000000000000e+00
-6.163868031929939928e-01
7.955738905185976151e-01
-8.099506117843934261e-01
2.687314516661024055e-01
-1.000000000000000000e+00
-3.875130710266822542e-01
2.345349632336747314e-01
-1.000000000000000000e+00
9.393684992574946602e-01
-1.776798626598408148e-02
-1.991452801571533815e-01
-7.444338869770722455e-02
-2.508958970878696348e-01
-1.000000000000000000e+00
4.921677922301863628e-01
-1.000000000000000000e+00
9.969265256745427628e-01
-2.715618130215322612e-01
1.651910815227305429e-01
-7.188388928999184246e-02
7.109180987688172859e-01
-7.156251701794424935e-01
-1.218895407582947787e-01
-1.000000000000000000e+00
3.398790418174297279e-01
9.510908316364783399e-01
-9.673065066474140217e-02
6.559697280718281842e-01
-5.096790102559582980e-01
-4.868065713104829939e-01
9.123460649624048902e-01
-1.000000000000000000e+00
1.690471580242689509e-01
1.000000000000000000e+00
1.000000000000000000e+00
8.415530278451155421e-01
-8.160751442641775988e-01
-1.000000000000000000e+00
9.993309008002464466e-01
7.239334790335865133e-01
1.000000000000000000e+00
6.430250081643970050e-01
-4.604344644755057891e-01
1.000000000000000000e+00
-2.311672922589926849e-01
-3.504351429482368552e-01
2.597730499711654595e-01
-8.409883668271167512e-03
8.264535066425338083e-02
-1.000000000000000000e+00
-4.307010070935093360e-01
-5.295274735134587463e-01
-1.847636727294389436e-01
-9.469504140429297889e-01
2.655802876619821062e-01
4.928265800621206560e-01
8.139545781863333218e-01
4.911680848972863611e-01
1.000000000000000000e+00
-1.074830911497272612e-01
-7.227154711070569171e-01
7.773910155477881112e-01
5.202069032637492985e-01
1.000000000000000000e+00
-1.000000000000000000e+00
4.424637372989690398e-01
3.117274610222601217e-01
1.000000000000000000e+00
1.000000000000000000e+00
3.803277493042789281e-01
-2.527457397814833473e-01
2.741674702758749582e-01
1.000000000000000000e+00
-5.459119110411103648e-01
-1.000000000000000000e+00
-4.492424776756684945e-01
-6.685976389369904238e-01
-1.672948371311624438e-01
-2.764128290029622126e-01
2.824941305835577121e-01
-1.000000000000000000e+00
9.003967158986179165e-01
6.333433803220045455e-01
-5.478746589732763628e-01
8.636023097033909135e-01
-9.843215568574303909e-02
1.000000000000000000e+00
-5.136687859436501746e-01
4.905656959204449663e-01
4.884992002083622387e-01
-9.954213244315646136e-02
1.000000000000000000e+00
-1.000000000000000000e+00
-8.843087436984432559e-01
-1.000000000000000000e+00
4.334409290973874618e-01
1.536542395225828361e-01
-4.851630595311855476e-01
1.000000000000000000e+00
-1.000000000000000000e+00
-4.031575950839556000e-01
7.804679567741064083e-01
4.459103973584283009e-01
5.510095500130831603e-01
2.749688261446610049e-01
-1.000000000000000000e+00
-5.893237569032323542e-01
1.601788524254672552e-01
-4.019396955954597228e-01
7.770764232412630257e-04
-3.659978339713811923e-01
1.000000000000000000e+00
7.998703154860506981e-01
-6.211449538857938268e-01
-6.078922379184517055e-01
-3.323557913780831319e-01
-3.733512803015368031e-01
1.295487298575272450e-01
-9.077857593885529930e-02
-1.000000000000000000e+00
7.142649583885929410e-02
1.000000000000000000e+00
-1.000000000000000000e+00
-5.425386364595161659e-01
-6.250228610505634830e-01
2.019411455414139023e-01
6.126764334220382580e-01
-9.099359923903698188e-01
1.000000000000000000e+00
-3.900090549377329130e-01
1.380241443880505514e-01
4.169563749842666311e-01
-1.960220064564467402e-01
-5.509216821036160283e-01
7.907809479707299527e-01
7.972924232323141958e-01
1.923302597366560729e-02
9.241364815105757025e-01
-1.079318005355330290e-01
-9.752690609241145836e-01
8.298455103196933358e-01
-2.146463748043873077e-01
1.293782710974867023e-01
-5.330619513805011644e-01
1.000000000000000000e+00
9.492147615424393337e-01
-9.251151354637193736e-01
1.000000000000000000e+00
-1.000000000000000000e+00
-1.000000000000000000e+00
1.000000000000000000e+00
-4.995925757077980256e-01
5.566883809939209282e-01
-7.563670669720758966e-01
5.262589031309212739e-01
-8.135974745186584922e-01
4.485830350252611454e-01
1.514291435909352890e-01
2.286796053114759086e-02
