-7.304864525353105265e-01
1.002677925766258804e-01
1.000000000000000000e+00
-4.276852642108150970e-01
8.549356727384920251e-01
2.589983405387566440e-01
1.000000000000000000e+00
1.000000000000000000e+00
-1.000000000000000000e+00
4.949261998032201126e-01
-1.000000000000000000e+00
7.588261733562464695e-01
1.000000000000000000e+00
-4.541482362959189389e-01
-9.099700988601507889e-01
1.000000000000000000e+00
-1.000000000000000000e+00
-3.655111544488709452e-02
3.121987143102522566e-02
-1.000000000000000000e+00
-1.000000000000000000e+00
1.000000000000000000e+00
6.941196772047958374e-02
-2.146135548370889379e-01
1.000000000000000000e+00
-1.000000000000000000e+00
2.890521613652554667e-01
2.562517593088241563e-01
-1.000000000000000000e+00
-1.842916000295294898e-01
1.000000000000000000e+00
1.421697476352856704e-02
9.102457875285963063e-02
8.432629415314052412e-02
-1.000000000000000000e+00
-1.000000000000000000e+00
-1.000000000000000000e+00
-9.950163176990138858e-01
-2.674746471015637672e-01
-1.000000000000000000e+00
1.000000000000000000e+00
1.000000000000000000e+00
-1.067636927772397382e-02
7.581142457603686768e-01
-9.176781418948433133e-01
2.756208449947011307e-01
-9.841206657430918714e-01
-1.000000000000000000e+00
-4.403235890129333363e-01
4.399687314272981986e-01
-7.095820555644776206e-01
1.000000000000000000e+00
-1.000000000000000000e+00
6.436716509104032369e-01
-1.000000000000000000e+00
1.000000000000000000e+00
-1.000000000000000000e+00
9.091928309885847215e-01
1.000000000000000000e+00
1.000000000000000000e+00
-3.984167737445887258e-02
1.000000000000000000e+00
4.018152430848951351e-01
-4.328088401232697557e-01
3.305481620957175792e-01
-6.939301531675822199e-01
8.432612369081534665e-01
1.000000000000000000e+00
6.072291667909422985e-01
-5.561489851976958443e-01
-5.295258321141158575e-01
5.374489119965919492e-01
-7.182941554092422409e-01
1.000000000000000000e+00
1.080129609693978310e-01
8.187839828985326029e-01
5.123515373758621427e-01
-3.203456741434581589e-01
3.748228596313354366e-01
1.059517444297720656e-01
-1.000000000000000000e+00
-2.326591137663350795e-01
-8.436141757607986680e-01
1.000000000000000000e+00
-6.708833958757847160e-01
-1.000000000000000000e+00
1.000000000000000000e+00
1.000000000000000000e+00
-1.000000000000000000e+00
8.765284154432805286e-01
6.916639185615476304e-01
-7.194791503222033313e-01
-1.000000000000000000e+00
5.901461119583835124e-01
-1.000000000000000000e+00
-9.911315195298828762e-01
3.248725419392195501e-01
6.288577209348611419e-03
-1.000000000000000000e+00
1.000000000000000000e+00
6.999903982991813045e-01
1.000000000000000000e+00
-1.000000000000000000e+00
-1.000000000000000000e+00
-1.000000000000000000e+00
8.328452778823414171e-01
9.222304080574726948e-01
1.000000000000000000e+00
1.000000000000000000e+00
-4.634114065262958659e-01
7.190953219915918737e-01
8.995389210096403909e-01
0.000000000000000000e+00
1.033863412492534994e-01
1.000000000000000000e+00
-1.000000000000000000e+00
-1.000000000000000000e+00
-1.000000000000000000e+00
1.000000000000000000e+00
4.474924411042580097e-03
-4.382370996230072757e-01
1.000000000000000000e+00
3.788835021733036879e-01
1.000000000000000000e+00
-1.000000000000000000e+00
1.000000000000000000e+00
7.493383765824527254e-01
1.000000000000000000e+00
1.000000000000000000e+00
1.000000000000000000e+00
5.358434309809740892e-01
1.000000000000000000e+00
4.492763609549366710e-01
1.000000000000000000e+00
-2.433260209848384648e-01
-6.577268049471518552e-01
1.000000000000000000e+00
6.514247649375637383e-01
4.462910143143913322e-01
4.164068832897546701e-01
-6.491581006429935075e-01
-1.000000000000000000e+00
-7.378360865327886486e-01
-1.000000000000000000e+00
-1.000000000000000000e+00
4.849763202466028655e-01
-3.835872262590611648e-02
1.000000000000000000e+00
6.824600310329238528e-01
-1.000000000000000000e+00
1.000000000000000000e+00
-5.626137147234463454e-01
-4.591165863033513372e-01
9.030899181523899255e-02
-1.000000000000000000e+00
5.510781178868027208e-01
-1.000000000000000000e+00
6.240132565643585760e-01
-4.888957200982901874e-02
4.001840575509064690e-01
-6.422155357052015123e-01
-7.653504176689674976e-01
1.071774082279950413e-01
9.563201162815583301e-01
3.080101610643302124e-01
1.000000000000000000e+00
-1.446743452890105197e-01
-1.000000000000000000e+00
1.000000000000000000e+00
-7.810323355488552055e-01
-4.068885224019801461e-01
4.471313216951563474e-01
7.940660861866893905e-01
1.000000000000000000e+00
-7.228384732466957008e-01
-1.000000000000000000e+00
-1.000000000000000000e+00
8.402252999455248617e-01
-9.462678510047399794e-01
1.000000000000000000e+00
-6.785965485303430134e-01
-5.493655735997426959e-01
-1.000000000000000000e+00
8.594426379479119804e-01
-6.287328055794612069e-01
-8.111611617477174629e-01
1.000000000000000000e+00
3.287170218470117367e-01
1.575431972978037498e-01
-1.000000000000000000e+00
6.649724519560092917e-01
0.000000000000000000e+00
-8.711315905824980055e-01
1.000000000000000000e+00
7.029065386738265753e-01
-1.000000000000000000e+00
1.000000000000000000e+00
3.306616022243777375e-01
-6.877573186492840218e-01
-6.517636372347025420e-01
-2.419286444002233250e-01
1.000000000000000000e+00
-1.000000000000000000e+00
-7.911611999519764238e-01
1.000000000000000000e+00
-8.012241838229521296e-01
0.000000000000000000e+00
2.382148916823936258e-01
6.598647149984149252e-02
-1.000000000000000000e+00
6.927639167849071189e-01
-6.926824543122579447e-01
2.343753201929030805e-01
5.831098359811758280e-01
1.000000000000000000e+00
7.358804875082977093e-01
-3.001184764971343566e-01
9.755287112572496033e-01
1.000000000000000000e+00
-1.000000000000000000e+00
-1.000000000000000000e+00
5.083066094537185275e-01
8.809213865654974551e-01
-6.475509536118394527e-01
-6.503297112819854675e-01
1.000000000000000000e+00
-1.000000000000000000e+00
-1.000000000000000000e+00
8.662444695354760693e-01
-2.215702984786104557e-01
1.000000000000000000e+00
7.092004420606099480e-01
-5.485562439431377335e-01
-4.745548904516390110e-01
-1.282778224279558232e-01
4.125525465203122022e-01
-6.107206067180011022e-01
-6.767578918334000715e-01
-1.245772194448883652e-01
4.269572940015191609e-01
1.000000000000000000e+00
-1.000000000000000000e+00
-1.000000000000000000e+00
7.567251893265094509e-01
1.000000000000000000e+00
-5.008194295028237653e-01
6.257959763078944082e-01
6.295917337180783058e-01
1.000000000000000000e+00
-2.737975038168314335e-01
-9.161178086025556500e-01
-3.682622463786013323e-01
-8.388016545323568884e-01
-1.000000000000000000e+00
-7.440328111305688497e-01
-9.885167629174524961e-01
-9.230313384346444661e-02
6.286714113993889796e-01
1.000000000000000000e+00
-5.462238630589780763e-01
-6.889870053645912318e-01
1.000000000000000000e+00
-2.593754118014905408e-01
-7.394317038331392755e-01
-1.000000000000000000e+00
