3.475219847439203757e-01
-9.788800733858954439e-01
1.000000000000000000e+00
1.000000000000000000e+00
1.000000000000000000e+00
-7.219047891804136752e-01
-2.857051211055821605e-01
-1.000000000000000000e+00
-7.458691528778577107e-01
-1.597510528319375789e-01
-5.818394497827537037e-01
-4.895448016512314315e-01
1.522881781262683809e-01
-4.549557992264831041e-01
4.383662884086459988e-01
4.357856276466195999e-02
-5.436003688625965502e-01
2.262658445763736925e-01
1.000000000000000000e+00
-1.000000000000000000e+00
7.431921048085015080e-01
-5.456774880231254343e-01
3.303602673674340684e-01
-1.000000000000000000e+00
-1.000000000000000000e+00
9.568666569538886169e-02
6.761256456951830751e-01
1.000000000000000000e+00
2.897316737450461588e-02
-7.894081587500711983e-02
-1.028337490568720369e-02
-9.010598326213433706e-01
1.000000000000000000e+00
6.512399641942612227e-02
2.956435212795519574e-01
-4.657878284826711401e-01
9.361303522357382612e-01
-1.000000000000000000e+00
2.382097740016205223e-01
4.319378361357408269e-01
1.000000000000000000e+00
-1.000000000000000000e+00
-5.666181153333967879e-01
-3.303760701771456532e-01
-1.688480850671416067e-01
1.000000000000000000e+00
1.000000000000000000e+00
9.852030855275961674e-01
1.000000000000000000e+00
-1.000000000000000000e+00
-7.569930130555950765e-01
4.722212080067257900e-01
2.363395538982991373e-01
-1.000000000000000000e+00
1.000000000000000000e+00
-1.000000000000000000e+00
1.000000000000000000e+00
-4.261505752229485244e-01
5.191406643343532412e-01
-9.940215852535118080e-01
8.467350028447553356e-01
2.130918240817482046e-01
-5.290516769275115383e-01
-1.000000000000000000e+00
-7.272750135276557781e-01
9.111862136705464188e-01
-1.000000000000000000e+00
-1.000000000000000000e+00
-1.000000000000000000e+00
1.000000000000000000e+00
2.401085922391299476e-02
-9.576704309687122940e-01
-1.000000000000000000e+00
-1.000000000000000000e+00
-4.413920439411476160e-01
1.000000000000000000e+00
-1.000000000000000000e+00
8.317097971812905666e-01
3.212697095940886260e-01
-1.000000000000000000e+00
5.645152305747744848e-01
1.000000000000000000e+00
1.000000000000000000e+00
-7.572986127076293261e-01
5.353050460345919470e-01
8.535330165512489131e-01
-8.990786725047665850e-01
1.000000000000000000e+00
1.000000000000000000e+00
3.481119886680433262e-01
6.450765279949935982e-01
-1.568690342335931631e-01
-6.253382863367620281e-01
-2.276999581540815609e-01
4.208773491079390028e-01
1.000000000000000000e+00
-9.854892099769556602e-01
5.348290467078880006e-01
-6.967561891777116490e-01
-1.000000000000000000e+00
8.368372633587011222e-01
3.560767945258167533e-01
4.415319723353686721e-01
-6.796917181912498496e-01
5.699695873251892086e-02
1.000000000000000000e+00
7.536422072752135826e-01
2.171989981154915927e-01
9.734154214171227837e-01
1.000000000000000000e+00
5.726557363149535895e-01
-1.000000000000000000e+00
2.127827306449961986e-01
-5.536259195877816230e-01
9.359572023689266551e-02
2.973230288150924827e-01
4.607868478812195134e-02
-1.000000000000000000e+00
1.000000000000000000e+00
1.000000000000000000e+00
-7.901136352100670557e-01
-1.000000000000000000e+00
-1.000000000000000000e+00
8.574422955510566657e-01
1.000000000000000000e+00
6.293748999449795267e-01
5.968088689172190708e-02
-9.364200043553139174e-02
-8.403507758778930858e-01
1.892778773498468570e-01
-4.689436690157640086e-01
-9.472555181645812006e-01
-1.000000000000000000e+00
6.862865816351959580e-01
8.725712677254131577e-01
1.000000000000000000e+00
2.382845095824470683e-02
-9.396462053681661208e-01
-7.784465531365989399e-01
-1.000000000000000000e+00
-1.000000000000000000e+00
-9.411188256443918654e-01
-1.074006598264273804e-01
-1.000000000000000000e+00
-2.990729719906845552e-01
-1.000000000000000000e+00
-1.954005010126360076e-01
-9.072343796652476700e-02
1.000000000000000000e+00
3.175321078619035009e-01
2.378218255858730590e-01
-4.499951530903795183e-01
-9.188547641585498305e-03
-1.000000000000000000e+00
-1.000000000000000000e+00
1.702679753398820273e-01
1.000000000000000000e+00
2.986947999492772232e-01
-6.960594998755680329e-01
-2.975924711309587689e-01
4.738345673523857160e-01
-8.442360173964251757e-01
8.298536776026198547e-01
3.573381264556996229e-01
9.792345507978773567e-01
1.000000000000000000e+00
-3.293360619537988310e-01
-7.243297798238976792e-01
-1.000000000000000000e+00
-8.562867933572335666e-01
1.000000000000000000e+00
-3.687642416392439837e-01
-5.053529793394311298e-01
-1.000000000000000000e+00
1.643318535924770396e-01
1.000000000000000000e+00
1.862186638929252958e-02
-6.110493987927869686e-01
4.630813775276571009e-02
-6.930818265311043946e-01
-9.571181125951324642e-01
9.834194884734477338e-01
-1.000000000000000000e+00
-3.332680500564590975e-01
1.000000000000000000e+00
-1.000000000000000000e+00
1.000000000000000000e+00
-1.000000000000000000e+00
7.757148045981290263e-01
1.000000000000000000e+00
-1.000000000000000000e+00
7.358372650461453279e-02
1.000000000000000000e+00
-6.744037007123619976e-01
-1.000000000000000000e+00
1.000000000000000000e+00
1.000000000000000000e+00
-6.717739977416600228e-01
5.461185379214015256e-01
6.272613350886628858e-01
-1.000000000000000000e+00
1.000000000000000000e+00
1.000000000000000000e+00
-1.000000000000000000e+00
8.412088437370291993e-01
-1.403469386486663473e-01
1.000000000000000000e+00
-5.702701677885096965e-01
-3.447179862496394520e-01
-4.036996317046076532e-01
9.345435033638357925e-02
-1.000000000000000000e+00
1.000000000000000000e+00
-2.432227032782985077e-01
-6.131651298556834995e-01
-8.551009065400986264e-01
5.912802620148602806e-01
-1.000000000000000000e+00
1.000000000000000000e+00
1.399432688893226251e-01
1.000000000000000000e+00
9.678235852644586634e-01
-5.978258106867313515e-01
-1.000000000000000000e+00
1.000000000000000000e+00
1.000000000000000000e+00
1.000000000000000000e+00
-9.635681462372641670e-02
-1.000000000000000000e+00
4.483043992541687617e-01
1.000000000000000000e+00
1.000000000000000000e+00
-7.779981424125084200e-01
6.312277494221638641e-01
3.152373732744832013e-01
-1.000000000000000000e+00
-9.450319561024174142e-01
6.772826513377264712e-01
1.000000000000000000e+00
-3.128043930166977127e-01
-1.000000000000000000e+00
8.843949984100871742e-01
-3.211557960434255898e-01
3.943415703407345818e-01
8.530141763666602150e-01
5.014234870476430572e-01
1.000000000000000000e+00
1.000000000000000000e+00
-1.000000000000000000e+00
-1.000000000000000000e+00
8.040344809582214980e-01
3.411895809890468367e-01
-1.000000000000000000e+00
-7.397117595147154612e-01
1.000000000000000000e+00
-5.721096124688576090e-01
-6.178726079288474615e-01
-6.487719509254099570e-01
1.000000000000000000e+00
8.176037379778347547e-02
1.000000000000000000e+00
-2.937415632722469860e-01
-1.000000000000000000e+00
-8.936091028539407954e-01
-6.640909629362927724e-01
