1.000000000000000000e+00
-1.000000000000000000e+00
1.000000000000000000e+00
5.224248126114807711e-01
8.559258271834226939e-01
-2.025166675155209983e-01
1.000000000000000000e+00
-7.222959967818843863e-01
6.057885433899250494e-01
-3.779591569787716931e-01
-9.782728024979392423e-01
-2.145443622040735798e-01
5.060035403393927655e-01
-1.000000000000000000e+00
-3.718880254581349298e-01
-1.000000000000000000e+00
-7.284490404991992296e-01
-8.961317435770759232e-01
-1.000000000000000000e+00
7.736639194682957132e-01
7.768019726307184847e-01
-6.551491126580992752e-01
1.313471091860035633e-02
8.754557256540318466e-01
-6.736300765052825046e-01
8.411384121383016499e-01
-1.000000000000000000e+00
-5.964176447507507639e-01
-1.671291065811541521e-01
-9.897709708793303029e-01
-1.000000000000000000e+00
-1.000000000000000000e+00
-4.467871879159578397e-01
-6.077091086191734881e-01
-1.000000000000000000e+00
1.000000000000000000e+00
-3.011198820197784065e-01
-1.000000000000000000e+00
1.000000000000000000e+00
-4.058485783571557093e-01
-1.000000000000000000e+00
1.000000000000000000e+00
2.059964000555237207e-01
1.000000000000000000e+00
9.175843556604964535e-01
2.101456950402126878e-01
-1.599898026862234257e-01
-1.000000000000000000e+00
4.386281834502047117e-01
3.096165298668155375e-01
3.871883269275805950e-01
7.005359867371526716e-01
-1.000000000000000000e+00
-5.780657861754281424e-01
6.451760236291765871e-01
-2.853140834351766131e-01
1.000000000000000000e+00
-5.211018821303383675e-01
8.177819572658202585e-01
-6.891215882133976400e-01
4.161844807269375890e-01
1.000000000000000000e+00
-1.000000000000000000e+00
1.000000000000000000e+00
-1.000000000000000000e+00
1.000000000000000000e+00
-1.000000000000000000e+00
1.000000000000000000e+00
-2.096390605642800553e-01
1.000000000000000000e+00
-4.621337994359454027e-01
8.493670137165062473e-01
-1.618403019403291121e-01
-5.527355788882244436e-01
-7.816273427845308319e-01
1.000000000000000000e+00
-6.036994306809714272e-01
-8.117045300885208370e-01
1.000000000000000000e+00
-1.000000000000000000e+00
2.710063158740336209e-01
-1.000000000000000000e+00
-2.247303869014593003e-01
-5.009728826179807859e-01
1.000000000000000000e+00
4.193047208260578529e-01
1.000000000000000000e+00
1.000000000000000000e+00
1.000000000000000000e+00
-1.000000000000000000e+00
-4.259513136521698717e-01
-1.000000000000000000e+00
5.026773413538532242e-01
2.644518993141801166e-01
3.784467025094701564e-01
-1.245185688903449328e-01
-1.000000000000000000e+00
-2.669013684771915362e-01
7.442630857210733586e-01
6.964920201096436170e-01
-1.000000000000000000e+00
-5.510564011790610728e-01
-7.615741677503919949e-01
-1.000000000000000000e+00
-1.000000000000000000e+00
7.554208197145001469e-02
-2.958360204203738242e-01
-6.570958740009322785e-01
-1.000000000000000000e+00
-3.503787867085123575e-01
-1.000000000000000000e+00
1.000000000000000000e+00
-6.170456130868455791e-01
3.383778298667624029e-01
8.327176458889480326e-01
-2.474723638769970036e-01
9.497130235084167982e-01
8.274755511680198516e-01
-1.000000000000000000e+00
1.000000000000000000e+00
6.905263393350322687e-01
8.914361937811887682e-01
2.931075155850050296e-01
-6.760881866907378912e-01
-1.684630345922256967e-01
-6.483232308955984013e-01
-1.000000000000000000e+00
1.000000000000000000e+00
3.884986898138731437e-01
-1.000000000000000000e+00
-6.553863340035055440e-01
1.000000000000000000e+00
8.467242577430562633e-01
-9.546039311066309985e-01
-5.275241346665129338e-01
-1.000000000000000000e+00
-3.301584867042505755e-01
3.712069962823200120e-01
-4.716888710135153095e-01
-5.493968165668328130e-01
1.000000000000000000e+00
-7.749781309157839360e-01
-1.000000000000000000e+00
-9.899125403544549728e-01
1.000000000000000000e+00
8.865714137617231039e-01
-1.125231228007117501e-02
-8.524631444016415038e-01
7.572287339063716871e-01
1.963585672068507426e-02
-1.000000000000000000e+00
-5.782307650320611669e-01
-1.000000000000000000e+00
7.445904725285179548e-01
-7.315896957752890950e-01
-1.748983400285517575e-01
1.000000000000000000e+00
-2.261132433221071381e-01
-1.000000000000000000e+00
-7.081730224269636720e-01
1.000000000000000000e+00
1.244721129943828497e-01
1.000000000000000000e+00
-4.239208678529987617e-02
-1.265620296122591526e-01
-8.063688701377267343e-01
6.101168999491692890e-01
-1.000000000000000000e+00
1.000000000000000000e+00
4.518351898445371884e-01
2.388227588420926972e-01
9.274788521774318673e-01
-1.000000000000000000e+00
-2.616802340720908449e-01
6.994626408114599236e-01
1.000000000000000000e+00
1.000000000000000000e+00
1.000000000000000000e+00
-7.121480754672087077e-01
1.000000000000000000e+00
-9.218560469107270894e-01
6.812416286563279799e-01
7.850153794186351952e-01
4.111680449783186031e-01
2.331145922402496906e-01
4.587359129283652415e-01
-2.222006705614338606e-01
-5.032414239888477470e-01
-1.000000000000000000e+00
8.219999792385138671e-01
1.000000000000000000e+00
-6.407149201688725482e-01
6.411279060939791830e-01
3.327501056912152144e-02
-2.114784942939690882e-01
1.776169810554174555e-01
-8.164551234839783067e-01
1.000000000000000000e+00
3.725814831607165978e-01
1.000000000000000000e+00
1.000000000000000000e+00
6.096215614739329824e-01
1.000000000000000000e+00
-7.760801151300105172e-01
-3.372721284441843048e-01
9.725123310644101515e-01
-7.787542520309798100e-01
-1.000000000000000000e+00
4.083770683014354419e-01
9.053871675313841516e-01
-7.148657003300151747e-01
-4.145249076568802149e-02
7.493986693222858264e-01
4.970186565015788371e-01
5.100258396127271832e-02
4.380209203223202064e-01
1.000000000000000000e+00
1.970021108106934093e-01
1.000000000000000000e+00
-1.000000000000000000e+00
-3.726757228025354141e-01
-8.090685944467339574e-01
5.617586555222697786e-01
5.933425265533340820e-01
-1.000000000000000000e+00
-2.609457447121231732e-01
8.437405432928445359e-01
6.994809761018265792e-01
1.000000000000000000e+00
-1.000000000000000000e+00
5.779528402916125351e-01
3.826943346678916558e-01
-1.000000000000000000e+00
-8.542844750718492364e-02
1.000000000000000000e+00
-5.731662615109619496e-01
-1.000000000000000000e+00
-1.000000000000000000e+00
1.000000000000000000e+00
1.000000000000000000e+00
9.363912232549379544e-01
1.000000000000000000e+00
-3.403084755079540114e-01
1.000000000000000000e+00
1.000000000000000000e+00
-1.551184895828073840e-01
-2.295552157351480882e-01
6.521830977813388719e-01
1.651930862411721823e-01
-1.000000000000000000e+00
-2.238161715081190550e-01
6.024629457454315773e-01
-4.188520453489827933e-01
-1.000000000000000000e+00
8.766145250939538780e-01
-7.461225009990770651e-01
-6.250072419693656345e-01
-6.754401156220365410e-01
9.000492498242038675e-01
-4.304418568913178644e-01
1.000000000000000000e+00
1.867865939977951528e-01
-3.264663438784440874e-01
-6.769832350018949452e-01
-2.828286773694926870e-01
