4.836943590488341771e-01
-9.999278106345271810e-01
3.342135171166066288e-01
9.995117259692830602e-01
2.033348238214243153e-01
1.934285332042945116e-01
3.511344596581183475e-01
-7.591045204385024614e-02
3.467112798873556168e-02
-9.637435944411518740e-01
5.751814468206857267e-01
2.828226008540418168e-01
9.998195837774545014e-01
3.127998837796751586e-01
6.798361719197295594e-01
-7.516932878560727005e-01
-9.740146753797105372e-01
3.134552956158824233e-01
-6.196437672735699564e-01
5.569950535984384832e-01
5.009954749266295471e-01
-1.482754317057838889e-01
-1.000000000000000000e+00
-6.743265435976577571e-01
4.637340918825774705e-01
2.081161106135228644e-01
-6.275117584898040057e-01
-6.490973368169423718e-01
8.162818073199140656e-01
-4.966476537380343226e-01
9.476430908862567559e-01
-5.990572943089527147e-01
3.797897443173841592e-01
-9.904386700763270213e-01
-3.656886613857434631e-01
-9.956555216611522319e-01
-8.329694337562993933e-01
-8.986228237228282012e-01
-2.852527230994756358e-01
-9.907817352969998659e-01
5.616004282478656018e-01
9.300307314792596314e-01
9.976568373469978379e-01
9.912820205513352967e-01
2.835651693755081304e-01
-2.998252206781847340e-01
-9.900984896038254046e-01
-4.452992427910701378e-01
-9.960915326589390162e-01
9.274596051184014200e-01
-4.230350174512063632e-01
1.171070448119556351e-01
-9.950621332861578905e-01
-9.908104039749114911e-01
9.216992424842881393e-01
6.449034316428232660e-01
-7.828205953031475151e-02
9.408221161567111857e-01
-8.991741619043113198e-01
-1.883922107988380834e-01
5.083614870922765760e-01
-1.585426567398181552e-01
-3.860361855944717258e-01
-4.228458241480810842e-01
-9.985520602083862718e-01
2.595749866755097113e-01
-9.590459909086879176e-01
7.237436368264380526e-01
9.427079529815753922e-01
6.131177270252934075e-02
-4.394125933267361006e-01
8.869332905262766742e-01
-8.315052929784370050e-01
7.625450010926170322e-03
-3.974895564329389286e-01
-3.176333413069910572e-01
4.842809961621113990e-01
1.083986369651334658e-01
-9.750694458533798459e-01
1.360442745119758157e-01
-9.037569297455927408e-01
2.929573103475396900e-01
-4.921307445698631655e-01
9.282551052719301143e-01
5.613623630287039035e-01
-2.326261937624305443e-01
-9.953968008256126598e-01
-9.510149136689738381e-01
3.198937337585364138e-01
8.675527651470672508e-01
-3.632416272485439190e-01
-7.329587643760455684e-01
7.832657555311981490e-01
-1.000000000000000000e+00
-8.009977241245307411e-01
-3.422359881394293479e-01
-8.050211790319743432e-01
9.287974632111880569e-01
9.407443680941791619e-01
9.467471888569123362e-01
-7.951212368239489736e-01
5.702444173685656814e-01
-8.533642093401585527e-01
9.999996565917115277e-01
-9.974136068983521231e-01
9.500088896184710752e-01
9.016496719943696281e-01
-8.139612046030668679e-01
-4.161209455568993243e-01
-4.001382759063814576e-01
6.187012154950278786e-01
-8.034937169506107812e-01
-8.437298237434812664e-01
1.841072438082103913e-01
6.462018552583651543e-01
7.784062203503427924e-01
6.344091564775775627e-01
-6.069932152229792766e-02
-9.893111280673200225e-01
-9.684580441713570576e-01
-9.999875329039636940e-01
-7.791175848700526707e-01
-7.782939407237492446e-01
6.745553412805308513e-01
-4.296009058373553846e-01
-9.919573670427066503e-01
9.963381947705141073e-01
5.592530396375052781e-01
-9.946431571372209568e-01
-9.331778416502247708e-01
3.247740541044977225e-01
-7.832588510630459355e-01
-2.928483608603910104e-01
-9.149361132161215604e-01
6.703763691376022349e-01
7.069724152739051415e-02
4.737968081817281463e-01
1.877604522401694065e-01
5.555463900144202993e-01
6.097167156641254415e-01
-7.585306794644728345e-01
-9.718982029195650796e-01
7.957960771971348546e-01
-6.428218011653846764e-01
5.558956621877805260e-01
-5.623265703586872721e-01
-5.710752305820514518e-01
8.456677506001353262e-01
9.880055786928215733e-01
1.094733071135063074e-01
8.100549611349876500e-01
1.770010003318375769e-01
2.436119400998423279e-01
9.975381164943412093e-01
3.643015409688172418e-02
9.826586424151644295e-01
7.153015478996296306e-01
-8.176019906122443670e-01
-3.541106391698211064e-01
-5.339206865154092485e-01
-4.484046216757089920e-01
-9.690234777091886187e-01
1.720580687556833022e-01
-8.213004788553204261e-01
6.692493322685427737e-01
3.109565222090283632e-01
-5.494035351553990809e-01
-3.245353786576694044e-01
-9.997453418808031067e-01
9.931501428832527623e-01
5.121920731383480252e-01
-9.770800271738591114e-01
5.269663048149738627e-01
-9.258212401079966014e-01
9.993245346947136065e-01
8.678898901459205506e-01
8.057314657797658430e-01
-9.976893477080785999e-01
-6.067914407650658315e-02
8.859841790348729207e-01
-5.743127715381693976e-01
-4.856279087558887375e-01
-6.688756066837296954e-01
-2.470305079691137162e-01
-9.983306562684048924e-01
-9.743298996839233617e-01
-4.805127530970099148e-01
-9.868982466149789357e-01
7.740481243174304193e-01
-1.034084951771155059e-01
7.923983991046309461e-01
9.023194161044971739e-01
-9.368473591985412297e-01
9.987710985483879700e-01
-9.534798543708207230e-01
-9.162366027788185763e-01
-4.805524923643270108e-02
8.742058989865275631e-02
3.949436961461458839e-01
9.803226776378859419e-01
5.434194474748950121e-01
-1.811081120663616817e-01
-5.244306591710425902e-01
-5.184905417180498688e-01
1.738370899434966976e-01
-7.874193325102079033e-01
9.620855331216693340e-01
8.379576402725903428e-01
9.333530142497190596e-01
-1.000000000000000000e+00
-7.428389786554261409e-01
-9.985924724686729981e-01
7.111765060680756978e-01
9.503762263807866706e-01
4.046429661068710604e-01
-8.972586429985237588e-01
6.994571832254329324e-01
5.168241802225268522e-01
4.163482004316760299e-01
-1.293351606467758874e-01
4.176422564305073415e-01
6.133464873665415151e-01
-9.940329923143309543e-01
3.689169623523785302e-01
9.479376436571105291e-01
-1.595535984184434652e-01
-7.995662793137963131e-01
7.446469110718048623e-02
9.907607681716388282e-01
-9.698231330777462578e-01
-8.197495078121879164e-01
-6.240148318122268334e-01
-4.224315284451522490e-01
2.097835122261862972e-01
-9.970301403128822848e-01
-2.594049381529832110e-01
7.463889413101545411e-01
-5.632945332740446620e-01
-9.594232022042138430e-01
-9.923418161716277552e-01
-7.028246618777613808e-01
-9.869845824408787216e-01
-1.898529041546901941e-01
6.476816163001080096e-01
-7.448252082970682197e-01
-8.117861364623083498e-01
-8.574929329973051129e-01
-8.357642745208609947e-01
4.898890754220133203e-01
6.951667090976525465e-01
6.738691158889078547e-01
9.660943839448443704e-01
9.984074777813944923e-01
-2.712536184139145434e-01
-4.736066800147906708e-01
1.000000000000000000e+00
-9.787162743890198691e-01
9.018063593244558529e-01
1.000000000000000000e+00
4.316323463490839285e-01
5.846678787328832838e-01
1.000000000000000000e+00
-6.778896197504308274e-01
-1.360489927218866968e-01
9.355913053472262320e-01
