-5.906809008310365261e-01
3.194496598601828108e-01
-9.742085951782728515e-01
-3.890477208328676495e-01
7.221062145889478590e-01
7.838778874112659611e-01
-3.232900826055642995e-01
4.449608306885451392e-01
4.037672688862530279e-01
-2.949496503546383819e-01
-4.608302283181750503e-01
-5.712717081891909299e-01
-9.054321335240301805e-01
8.239396981999931313e-01
5.295843481656005158e-01
-9.783189586543262761e-01
3.024581213071195762e-01
7.847043923644142494e-01
-9.784693206837945523e-01
-5.820014273761275891e-01
1.260980907732343892e-01
3.084512885320582209e-01
3.394691545704400237e-01
-4.630439661630828541e-01
-8.358648084491828723e-01
9.614537420159071646e-01
5.582613061637404783e-01
5.086213244586350601e-01
-5.290104145472044328e-01
-3.838892047919589268e-01
7.945479630971061802e-01
-4.963812244949407093e-01
9.379969980532616436e-01
-5.828729519100274148e-01
-3.189469056674564262e-01
3.314208918304405449e-01
8.133775167732265610e-02
-6.060088288479394958e-01
4.181194789046351890e-01
5.176616142852362712e-01
-8.249952519917660432e-01
6.555749875248512160e-01
1.000000000000000000e+00
-4.361799730311478607e-01
7.634406100779316251e-01
9.975708733704989895e-01
5.466489424744369607e-01
2.751603842335073047e-01
4.594558963221453407e-01
-2.149418858807436439e-01
7.435788877439466482e-01
9.777742652836401982e-01
-6.637787340159054250e-02
8.245783908815400576e-01
-2.208790726985978420e-02
-4.101575836719251189e-01
2.907682926750319030e-01
-9.310567623748405852e-01
1.365710367807637104e-01
5.259297536333780165e-01
-8.221784380843981666e-01
3.565803844600960448e-01
5.832834629277090510e-01
1.601383082135977021e-01
-9.999785692766796075e-01
-7.445376151159532885e-01
2.547204875649453637e-01
4.874525944970010127e-01
-6.243794763098139411e-01
-7.100263772368032855e-01
8.773311653977616809e-02
-4.122951893319933836e-01
-4.451571008428428788e-01
3.901343121036639494e-01
-5.541690353964696669e-01
4.445802738943503973e-01
8.403107349739207255e-01
-2.622571795795490893e-03
-5.247852174951246340e-01
9.462725330001844903e-02
-9.499431327290694949e-01
-4.233447036604370273e-01
9.897531770752586722e-01
-9.356794513268436031e-01
-9.912738058630354843e-01
8.009366141578240228e-01
9.208441955480012320e-01
9.871709272693005577e-01
7.906030648992871113e-01
-2.645371576478239284e-01
6.037774449700443746e-01
-4.633048578091216244e-03
5.943286470790638543e-01
-4.683491117368733248e-01
5.754364444986330707e-01
7.942047315384643813e-01
-6.886663132920443908e-02
5.393133200032541597e-01
-4.203997607062156527e-01
-9.816547016297775263e-01
9.347270882414814297e-01
-9.130362185005611586e-01
-6.483214557564501712e-01
-9.183724997135720436e-01
-3.060755298958134363e-01
-9.999583523545827468e-01
7.447507949417415674e-01
-8.129373615880847170e-02
7.737261166698161663e-01
4.605769506235032895e-02
1.652759794815740202e-01
-5.810811595298026599e-01
8.481826818993801198e-02
9.998752855357480041e-01
3.720329075655088857e-01
-3.666134209468736582e-01
-3.174431357535786313e-01
7.687580342460114124e-01
-2.826274602907710709e-01
-3.115204193447542735e-01
-8.528874288743349963e-01
-2.485542226914363717e-01
-2.389473276187411288e-01
-9.712022499322638946e-01
4.406429804011772200e-01
-3.051759231811874695e-01
-2.066162393233376138e-01
-1.864638355938620651e-01
-1.098578948806263750e-01
1.259957888675045656e-01
-5.768143385672441781e-01
-2.025573773638323916e-01
5.827916921186392790e-02
9.620923262577769641e-01
6.040731618177204165e-01
-5.432319266099593369e-01
-3.708916860827242146e-01
2.860480978980989297e-01
9.453307666787706953e-01
-2.705587529063422370e-01
8.284780788768801862e-01
7.561142060985572844e-01
1.662070510705562776e-01
-4.602328361825875347e-01
-1.572448566958774552e-01
5.531440211069345025e-01
-6.473818721182298397e-01
5.918293133305077003e-01
1.000000000000000000e+00
-3.340535751174109058e-01
-3.331269923345166473e-01
5.443921012821826277e-01
8.979683204743487135e-01
9.999649240420244167e-01
-8.674138335564365310e-01
8.803590080773848747e-02
9.829404367012188892e-01
-5.457862530031973303e-02
2.099878275531237293e-01
1.443862035372409959e-02
-3.654968942753358263e-01
6.328638106898449855e-01
2.481679897033537419e-01
-5.856798462335236488e-01
-3.550008070911748193e-01
6.332511609977696521e-02
9.702272412787881217e-01
1.295138898322355583e-02
9.916864107258696048e-01
-9.978403193401492732e-01
-5.763731987363412967e-02
-6.058451549158783145e-01
-1.320156345845165113e-01
4.695620169979431990e-01
-1.000000000000000000e+00
9.910801616065842978e-01
4.518431417468244393e-01
-4.206909951305042861e-01
2.111737191812013137e-01
5.230320578754641403e-01
-1.000000000000000000e+00
-5.667552869852436892e-01
7.185441756247505918e-01
9.709480564586001616e-01
-9.973325771757839409e-01
5.596648800558349235e-01
-5.438961251592433488e-01
-1.424460187678762424e-01
-9.997187307505848164e-01
-3.370891412039220270e-02
-1.669388060834816057e-01
-9.537779762110797366e-01
1.811280723787243863e-01
-7.804086344442515699e-01
-9.179181009287520898e-02
-1.902271356267825134e-02
-1.080270594042932603e-01
-3.646099044022005353e-01
7.997588565010258499e-01
8.533407897177222035e-01
7.640157655941000048e-01
3.782500718092468572e-01
8.723994734410982499e-01
4.063170518040478130e-01
-9.631330530794433020e-01
-8.795736094650286052e-01
9.899957186939305487e-01
-1.000000000000000000e+00
-5.205967194277143217e-02
-1.000000000000000000e+00
8.366251309024876903e-01
-3.595984153825947938e-01
9.000909203542962755e-01
-4.348446723787087187e-01
9.776610021532551320e-01
-9.798453094309576006e-01
4.406490496738039719e-01
4.075568660556956879e-01
3.239009210818117879e-01
6.792407580737111483e-02
-9.186242656207477264e-02
-3.205641063346248432e-01
-7.374261612113087727e-01
-1.844126522581869265e-01
-1.083292969510467052e-01
-7.498975097523883360e-01
-2.770049822709751419e-01
-1.854444431532280002e-01
9.544942976350237474e-02
-7.374928194653265767e-02
-1.412149731785363183e-01
9.980505553832103027e-01
7.308257153640027592e-01
-9.955541876955829039e-01
-1.000000000000000000e+00
3.073120115644389361e-01
-2.778183408752631367e-01
8.524104287929481494e-01
5.617672686301181662e-01
-5.353178939513700829e-01
1.958739497528395046e-01
-8.697320296735101541e-01
-3.480048171015138192e-01
2.306856441196772356e-01
-7.191816662830661233e-01
-8.055519479096853730e-02
1.000000000000000000e+00
2.406543687278453122e-02
9.766991247195527803e-01
-6.876083320301241697e-01
-8.809178750997715968e-01
8.758310558533091150e-01
9.368971021995983195e-01
-4.929539994296977534e-01
-7.096880010971966524e-01
7.386371671093143743e-01
-1.633365211687299312e-01
-1.112432659205361551e-01
9.671864858138741194e-01
9.995197942244553602e-01
-2.666224480129453789e-01
-2.509337259349962018e-02
2.215723816514328370e-01
-5.357417729694672476e-02
-8.597552048346142062e-01
