6.904186445610185352e-01
-5.867689198119461214e-01
6.561265645970951743e-01
-1.000000000000000000e+00
2.233514825170685447e-01
-6.837995101325422542e-01
9.763633672071736491e-02
-1.000000000000000000e+00
-5.606824414707636262e-01
-3.356552694842767082e-01
-1.000000000000000000e+00
1.000000000000000000e+00
7.513228352909382401e-01
1.000000000000000000e+00
1.000000000000000000e+00
1.000000000000000000e+00
-1.000000000000000000e+00
9.407760878037094709e-01
-1.352938088835573538e-01
5.651387445720507108e-01
-4.811620932629945280e-01
-3.330899334355137964e-01
1.000000000000000000e+00
1.000000000000000000e+00
1.000000000000000000e+00
-1.000000000000000000e+00
4.499149068055666167e-01
-1.000000000000000000e+00
4.879168165779668165e-01
1.000000000000000000e+00
-1.000000000000000000e+00
1.000000000000000000e+00
-1.000000000000000000e+00
-1.061931893905287139e-01
1.000000000000000000e+00
-7.152227643898648735e-01
-4.867637214817807645e-01
1.265955623227887350e-01
4.120221186873158636e-01
-1.000000000000000000e+00
-1.000000000000000000e+00
1.000000000000000000e+00
-7.823341160578392017e-01
4.684429795394158824e-01
1.584487671064798153e-01
7.347369229312066263e-01
2.491367668999166229e-01
1.787760661885742230e-01
1.000000000000000000e+00
-1.000000000000000000e+00
5.873058688181072018e-01
2.825570168070015709e-01
-4.876283471549571757e-01
-3.557572787979155216e-01
-7.291497731953708872e-01
7.632508458134497076e-01
4.854814355379586388e-01
-5.222881924259233921e-01
-1.751452734353899920e-01
-1.000000000000000000e+00
-3.968979826519798415e-01
4.455249487455297253e-01
-1.996297612974508584e-01
-1.000000000000000000e+00
1.000000000000000000e+00
1.000000000000000000e+00
1.000000000000000000e+00
-1.000000000000000000e+00
7.271932786151501515e-01
7.174524861144706556e-01
-1.000000000000000000e+00
-9.313908631531876425e-01
2.192464427082302103e-01
2.014274855599789138e-01
-6.757287936168088205e-02
-9.433086924882638780e-02
-1.000000000000000000e+00
-1.000000000000000000e+00
-9.449453471431504825e-01
-8.949053095043171258e-01
1.000000000000000000e+00
1.000000000000000000e+00
4.315247563051732849e-01
6.143488976803631596e-01
-7.535403593909919540e-01
2.093536349927632711e-01
-8.071303484214560342e-01
0.000000000000000000e+00
-2.543499839339345425e-01
-1.000000000000000000e+00
-6.819875440393527999e-01
1.000000000000000000e+00
4.049272894948189871e-01
2.818564863312527091e-01
-1.000000000000000000e+00
-4.040135012031877970e-01
8.580841440116666607e-01
1.000000000000000000e+00
-2.063913617187823069e-01
5.196824233435335394e-01
-6.758024468609605817e-01
9.431450776053402762e-01
1.018634731475802635e-01
-3.060061628654210386e-01
8.225830657329871176e-01
-9.354537929033921451e-01
-1.000000000000000000e+00
6.657880742185651179e-01
3.985021864468530906e-01
2.381362995763525170e-03
-1.000000000000000000e+00
-2.623456598016987718e-02
-1.000000000000000000e+00
1.000000000000000000e+00
-1.000000000000000000e+00
-6.226374087816491931e-01
-6.176981671084396108e-01
3.357374216823133528e-02
1.000000000000000000e+00
1.000000000000000000e+00
-7.520858956238430926e-01
-2.354785400042028187e-01
-2.372753775476905691e-01
-1.000000000000000000e+00
-5.513617478690630014e-01
5.338253129798032903e-01
-1.000000000000000000e+00
-3.307612188080391036e-01
-2.980073558843104875e-02
1.084243718595556683e-01
-2.232437887966750301e-01
3.505137598161328083e-01
-8.057775428274682739e-01
-1.000000000000000000e+00
1.014965016308198575e-01
-6.206385577910755735e-03
1.000000000000000000e+00
1.080389178927326777e-01
-6.343620493732823329e-01
6.770536921293800470e-01
4.160472422260867442e-01
5.299644116829463902e-01
6.625695820267132330e-01
1.000000000000000000e+00
-6.284426740305362191e-01
1.000000000000000000e+00
-1.000000000000000000e+00
1.000000000000000000e+00
5.078436181263050742e-01
8.950058201470144637e-01
-1.000000000000000000e+00
-1.000000000000000000e+00
-8.146289103939655663e-01
-1.000000000000000000e+00
-1.000000000000000000e+00
6.910681223235610737e-01
9.991525993128473893e-01
1.000000000000000000e+00
1.000000000000000000e+00
-1.000000000000000000e+00
-1.831367641024493065e-01
-7.003304676480462398e-02
-2.606127722794417956e-01
-4.946244812889890596e-01
4.437780583035940141e-01
-8.317546900432181145e-01
-8.504795338548649664e-01
-1.000000000000000000e+00
-3.554804169346655884e-01
-6.992063197179655409e-01
6.482881778596900624e-01
-1.000000000000000000e+00
9.621378376932324672e-01
1.000000000000000000e+00
-6.186870363028323938e-01
6.314251770051364510e-01
8.707131508712729895e-01
1.000000000000000000e+00
5.012001612687269070e-01
-1.000000000000000000e+00
1.000000000000000000e+00
-3.352138409624879634e-01
1.000000000000000000e+00
1.000000000000000000e+00
-5.583591238393706968e-01
2.497557669808868619e-01
-5.998465355420374845e-01
8.412391824765327319e-01
-6.063702630363987378e-01
-3.912976190201551407e-01
-7.532710551600945159e-01
-6.334186797189115259e-01
1.000000000000000000e+00
-2.353162773614030367e-01
-1.000000000000000000e+00
-5.243066409211738499e-03
1.000000000000000000e+00
-4.708420019989244532e-01
1.000000000000000000e+00
1.000000000000000000e+00
-1.000000000000000000e+00
-1.869012378232975946e-02
-4.816941139577575748e-01
-1.000000000000000000e+00
0.000000000000000000e+00
1.000000000000000000e+00
1.000000000000000000e+00
-6.838289548665527073e-01
-1.000000000000000000e+00
-1.000000000000000000e+00
-1.404496420258982692e-02
4.640754221619021735e-01
4.969757266290893982e-01
4.094410125470850370e-01
-5.369714720692008170e-01
-6.547638002224959175e-02
4.225197277164349785e-01
8.940438979869100855e-01
-8.054383521324420814e-01
9.868754729585156316e-01
-1.000000000000000000e+00
-3.533505984392606991e-01
2.817631877570835330e-01
1.000000000000000000e+00
1.000000000000000000e+00
-6.024109853239665302e-01
-4.929615653676416853e-01
1.870424374771054166e-01
1.000000000000000000e+00
-7.536702906202326080e-01
-1.000000000000000000e+00
1.000000000000000000e+00
1.000000000000000000e+00
4.069730720199286056e-01
6.294325249075236606e-01
4.965890747788891391e-01
-1.000000000000000000e+00
1.000000000000000000e+00
3.278530428038408662e-01
-1.000000000000000000e+00
-6.349691935001442467e-01
-4.487779698442833087e-01
1.000000000000000000e+00
-1.677033903779484580e-02
1.000000000000000000e+00
-3.817633078632065580e-02
-1.000000000000000000e+00
8.973595736132607970e-01
-1.000000000000000000e+00
-1.114977549723091266e-01
-6.432287457215156712e-01
1.158956842791398212e-01
-1.000000000000000000e+00
8.733445229818255218e-01
1.000000000000000000e+00
-7.768769710362022352e-01
-2.863713024255014616e-01
3.324546025111393965e-01
9.489817752839919685e-01
-1.000000000000000000e+00
-7.534593201040717947e-02
2.232525596161659687e-01
1.000000000000000000e+00
-1.000000000000000000e+00
-1.000000000000000000e+00
