1.000000000000000000e+00
1.000000000000000000e+00
-9.705316342325314150e-01
-9.823007505611319745e-01
6.435744318600198355e-01
-1.000000000000000000e+00
4.313785408133670174e-01
-8.482216879039872204e-01
1.000000000000000000e+00
1.000000000000000000e+00
-6.153510241399791081e-01
-5.781725853996235731e-01
3.445644425814056167e-01
6.249621300425718395e-01
1.637341305410808801e-01
-1.000000000000000000e+00
8.630094701095699650e-01
2.027900951254597017e-01
1.238535525371366464e-01
-1.000000000000000000e+00
-6.276739581342394292e-01
-2.499890697239519621e-01
-8.669936619603979544e-02
-1.000000000000000000e+00
8.996374159339163290e-01
-7.890705974081480001e-02
1.000000000000000000e+00
1.000000000000000000e+00
-5.629745173623370569e-01
7.472476684697267890e-01
-1.000000000000000000e+00
4.167057359022171559e-01
5.991631462057009916e-01
0.000000000000000000e+00
1.000000000000000000e+00
-8.920904527313000543e-02
8.705703399271547127e-01
9.218309957208099537e-01
1.000000000000000000e+00
9.584817778495391405e-01
-1.523336457936532162e-01
9.946282539360995489e-02
4.469420690290079046e-01
-6.668974703446957086e-01
-1.000000000000000000e+00
4.276164749375467866e-01
8.825693188088654662e-01
-1.455361422447534192e-01
-1.000000000000000000e+00
7.332326778886991692e-01
-1.000000000000000000e+00
-1.000000000000000000e+00
8.279723342196112501e-01
9.734337728961703906e-01
-7.787969792073290431e-01
-7.976827824313956761e-01
-9.127387132559141580e-01
1.000000000000000000e+00
-8.670717330678605617e-01
1.000000000000000000e+00
-5.421862211627676009e-02
1.000000000000000000e+00
-1.000000000000000000e+00
1.000000000000000000e+00
-9.116496039114441174e-01
6.129957488152391054e-01
-4.978627447510951542e-01
-6.779650329040858292e-01
1.000000000000000000e+00
1.296292355583890943e-01
1.000000000000000000e+00
-1.000000000000000000e+00
2.284113309036742145e-01
-1.000000000000000000e+00
3.144323592942079859e-01
-1.000000000000000000e+00
-1.000000000000000000e+00
4.851217601720433925e-01
1.000000000000000000e+00
-1.000000000000000000e+00
5.982670373602509972e-01
-9.009250605831766734e-01
-1.000000000000000000e+00
6.040115944028021655e-01
-1.000000000000000000e+00
9.968860997264303858e-01
8.739774043393208625e-02
-3.766222054366459848e-01
-1.000000000000000000e+00
1.000000000000000000e+00
-1.000000000000000000e+00
-8.059274355370368292e-01
5.348859581635003746e-01
-6.921404980944971808e-01
-1.323809583224285769e-01
6.839949696830283088e-01
-2.373566335011638717e-01
1.000000000000000000e+00
-5.552740696271631915e-01
6.241007199619595935e-01
-1.000000000000000000e+00
-3.788437496442196850e-01
-1.000000000000000000e+00
-1.000000000000000000e+00
-6.540729720726667917e-01
1.317607835957518569e-01
-7.034161193600273476e-01
6.429955540176175433e-01
6.321546804373896489e-01
-1.000000000000000000e+00
2.328536623590128363e-01
-1.044695279909427788e-01
7.902946233142671417e-02
9.748439121867777946e-01
7.157931658410008335e-01
1.187052960215372321e-01
-4.907100145330203222e-01
1.000000000000000000e+00
-3.092459427875505762e-01
-1.000000000000000000e+00
-1.000000000000000000e+00
8.766298137604300322e-01
-2.067326776451661186e-03
1.000000000000000000e+00
2.078842649897472139e-02
-5.796841524493880904e-01
1.000000000000000000e+00
-1.000000000000000000e+00
1.000000000000000000e+00
1.000000000000000000e+00
-6.039770331209766141e-01
2.491010965145942224e-01
1.000000000000000000e+00
-1.000000000000000000e+00
-1.000000000000000000e+00
8.626649435270067334e-01
2.043747289705011294e-01
-1.000000000000000000e+00
7.733836333300152521e-01
-8.439729244473928027e-01
5.149741436772877767e-01
-2.012447269475681755e-01
-1.000000000000000000e+00
7.590298893050680951e-01
-1.000000000000000000e+00
-6.651637306090093515e-01
-2.094013713350454386e-01
3.079232952499413312e-01
2.436028643443244324e-01
5.752183069951668504e-01
7.701311301016344757e-01
2.487911059353414833e-01
-4.959458764550144227e-01
1.000000000000000000e+00
6.536775129446253940e-02
-5.309808332338561421e-02
-1.000000000000000000e+00
3.732439795447992092e-01
-4.706133412708385366e-01
-1.000000000000000000e+00
-1.000000000000000000e+00
1.000000000000000000e+00
2.986721794344817660e-01
7.958054210116283222e-01
1.000000000000000000e+00
1.981848344757243807e-01
-2.026823363747295437e-01
-2.617623850289337861e-01
-8.330246495180464450e-01
-4.786971820001406641e-01
-7.864266373277631894e-01
2.349795581700785951e-01
-7.371413971790962139e-01
-7.664301712802168431e-02
-2.539622126793062984e-01
-1.000000000000000000e+00
-1.000000000000000000e+00
-1.000000000000000000e+00
1.000000000000000000e+00
6.544491872437263602e-01
-1.000000000000000000e+00
4.244511216867752346e-02
-1.000000000000000000e+00
4.044054615404034658e-01
6.307644229441500272e-02
-9.844641712104528208e-01
6.110333366110182185e-02
-1.000000000000000000e+00
-1.000000000000000000e+00
3.860987895549741200e-01
-8.117182810340243249e-01
7.493827778136048501e-01
-3.473882712391038741e-01
1.000000000000000000e+00
-9.653486045600176979e-01
9.472800344699943143e-01
-9.863699128806311389e-01
-1.000000000000000000e+00
1.000000000000000000e+00
-6.687742111679922941e-01
-3.556964949038594614e-01
-7.662038249894489450e-01
-1.000000000000000000e+00
1.000000000000000000e+00
-5.227447087954278926e-01
1.000000000000000000e+00
-4.209202071917178545e-01
-8.609935013423946071e-01
1.000000000000000000e+00
-1.000000000000000000e+00
-9.501749100237121270e-01
9.455706479844340206e-01
6.799737530123862728e-01
6.951101427467325511e-01
1.799920225066384827e-01
2.529267756567805669e-01
-1.000000000000000000e+00
1.000000000000000000e+00
1.000000000000000000e+00
-2.957791801562743850e-02
-8.330197973064088490e-01
1.000000000000000000e+00
1.000000000000000000e+00
0.000000000000000000e+00
-5.957075328508355527e-01
-2.077433338268732665e-01
-1.000000000000000000e+00
5.477686415352325255e-01
-1.000000000000000000e+00
5.112963776974535079e-01
-2.847195417116413774e-01
7.015012653671031106e-01
7.807376951724014358e-01
1.000000000000000000e+00
-9.152405079692513823e-01
1.000000000000000000e+00
-8.289556269545261813e-01
-1.000000000000000000e+00
-1.622546299646303591e-01
9.946985901680296394e-01
-1.000000000000000000e+00
-9.077467714860475434e-01
-6.389325767171127879e-02
-5.756982392783918101e-01
4.553541064708351849e-01
1.000000000000000000e+00
8.953640251137573447e-01
-1.000000000000000000e+00
-6.543825465923314155e-01
1.000000000000000000e+00
6.889496551231427679e-01
5.704017760455217800e-01
-7.380321644894694000e-01
-8.448894960974238089e-01
2.550730977737503125e-03
1.000000000000000000e+00
7.559020760314486553e-01
1.000000000000000000e+00
-2.706280017189236498e-01
5.343812878956872847e-01
-1.804601095362857732e-01
-1.267888791814112681e-01
-7.307431503520228633e-01
1.069532190155975115e-02
-3.424595445846177477e-01
