generation,best_fitness,mean_fitness,std_fitness
0,89.745069,5.81355,25.451055
1,90.673561,24.317629,36.564606
2,90.673561,38.417542,39.185493
3,90.673561,50.186262,37.094652
4,90.673561,59.788598,33.401599
5,92.038336,68.069083,29.418159
6,92.038336,74.152203,25.53272
7,92.038336,79.734873,20.607127
8,92.038336,81.809783,17.731455
9,92.038336,83.463709,15.733461
10,92.038336,85.415401,12.26277
11,92.038336,87.573794,4.711042
12,92.038336,87.737701,4.006227
13,92.038336,88.342345,1.349129
14,92.038336,88.423907,1.356663
15,92.038336,88.529113,1.342987
16,92.038336,88.542397,1.343085
17,92.038336,88.719113,1.290351
18,92.038336,88.876272,1.272874
19,92.038336,88.923638,1.253363
20,92.038336,89.018576,1.249753
21,92.038336,89.089178,1.211117
22,92.038336,89.173446,1.162248
23,92.038336,89.300318,1.147972
24,92.038336,89.394822,1.078907
25,92.038336,89.491806,0.990247
26,92.038336,89.50376,0.985336
27,92.038336,89.557702,0.936305
28,92.038336,89.596161,0.940689
29,92.038336,89.643908,0.880208
30,92.038336,89.700841,0.80084
31,92.038336,89.777008,0.683071
32,92.038336,89.830023,0.640378
33,92.038336,89.844611,0.627335
34,92.038336,89.859671,0.62537
35,92.038336,89.867771,0.625477
36,92.038336,89.897107,0.623175
37,92.038336,89.901686,0.621138
38,92.038336,89.927863,0.608629
39,92.038336,89.965374,0.634265
40,92.038336,89.968529,0.631627
41,92.038336,89.981804,0.626651
42,92.038336,89.986929,0.623281
43,92.038336,90.011404,0.622253
44,92.038336,90.024404,0.617903
45,92.038336,90.024915,0.61739
46,92.038336,90.025791,0.616572
47,92.038336,90.026991,0.615373
48,92.038336,90.05464,0.630326
49,92.038336,90.07238,0.624506
50,92.038336,90.083673,0.63533
51,92.038336,90.08811,0.632582
52,92.038336,90.101833,0.631325
53,92.038336,90.112672,0.626398
54,92.038336,90.117812,0.623148
55,92.038336,90.124265,0.620607
56,92.038336,90.130627,0.618031
57,92.038336,90.142902,0.616803
58,92.038336,90.144102,0.618047
59,92.038336,90.152589,0.617892
60,92.038336,90.166982,0.619325
61,92.038336,90.168436,0.618846
62,92.038336,90.169235,0.618395
63,92.038336,90.22649,0.621909
64,92.038336,90.25059,0.614688
65,92.038336,90.265681,0.608112
66,92.038336,90.28407,0.605622
67,92.038336,90.291813,0.606484
68,92.038336,90.297204,0.607758
69,92.038336,90.297438,0.607644
70,92.038336,90.301587,0.604855
71,92.038336,90.306469,0.606722
72,92.038336,90.31918,0.604216
73,92.038336,90.341871,0.596613
74,92.038336,90.341871,0.596613
75,92.038336,90.341871,0.596613
76,92.038336,90.341871,0.596613
77,92.038336,90.391902,0.622347
78,92.038336,90.391902,0.622347
79,92.038336,90.394215,0.621234
80,92.038336,90.394215,0.621234
81,92.038336,90.394215,0.621234
82,92.038336,90.408127,0.619271
83,92.038336,90.416384,0.610563
84,92.038336,90.431708,0.608066
85,92.038336,90.431708,0.608066
86,92.038336,90.456516,0.592803
87,92.038336,90.48347,0.600186
88,92.038336,90.491566,0.601011
89,92.038336,90.510524,0.593933
90,92.038336,90.510524,0.593933
91,92.038336,90.511984,0.59472
92,92.176695,90.531765,0.616469
93,92.176695,90.531975,0.616281
94,93.196695,90.565856,0.66486
95,93.196695,90.569927,0.660538
96,93.196695,90.575515,0.654293
97,93.196695,90.583229,0.662098
98,93.196695,90.602143,0.656477
99,93.196695,90.608354,0.653416
100,93.196695,90.608354,0.653416
101,93.436695,90.633468,0.710854
102,93.436695,90.668067,0.732441
103,93.436695,90.687113,0.735981
104,93.436695,90.690688,0.734484
105,93.436695,90.713219,0.730303
106,93.436695,90.720547,0.731897
107,93.436695,90.754332,0.722607
108,93.436695,90.759838,0.723669
109,93.436695,90.772128,0.724402
110,93.436695,90.773307,0.724778
111,93.436695,90.778492,0.725983
112,93.436695,90.789137,0.716877
113,93.436695,90.791504,0.716506
114,93.436695,90.826594,0.710295
115,93.436695,90.839437,0.702855
116,93.436695,90.848038,0.699386
117,93.436695,90.874561,0.721208
118,93.436695,90.888651,0.710194
119,93.436695,90.894888,0.701399
120,93.436695,90.894888,0.701399
121,93.436695,90.921242,0.69661
122,93.436695,90.944612,0.718907
123,93.436695,90.953781,0.710037
124,93.538336,90.979967,0.755152
125,93.538336,90.980904,0.754775
126,93.538336,90.980965,0.75475
127,93.538336,90.986544,0.752753
128,93.538336,90.99654,0.743037
129,93.538336,91.011768,0.746746
130,93.538336,91.026609,0.758692
131,93.538336,91.078411,0.784168
132,93.538336,91.097814,0.790046
133,93.538336,91.11881,0.800196
134,93.538336,91.120448,0.798733
135,93.538336,91.124048,0.795577
136,93.538336,91.124048,0.795577
137,93.538336,91.124048,0.795577
138,93.538336,91.124147,0.7955
139,93.538336,91.124147,0.7955
140,93.538336,91.124147,0.7955
141,93.538336,91.129082,0.790143
142,93.538336,91.129315,0.790096
143,93.538336,91.161402,0.809693
144,93.538336,91.164971,0.808835
145,93.538336,91.182024,0.79279
146,93.538336,91.195112,0.793893
147,93.538336,91.225389,0.815164
148,93.538336,91.225389,0.815164
149,93.538336,91.247325,0.806986
150,93.538336,91.247325,0.806986
151,93.538336,91.247325,0.806986
152,93.538336,91.273928,0.832711
153,93.538336,91.273928,0.832711
154,93.538336,91.2752,0.83098
155,93.538336,91.281876,0.831366
156,93.538336,91.28533,0.829078
157,93.538336,91.28533,0.829078
158,93.538336,91.302063,0.826869
159,93.538336,91.307986,0.827508
160,93.538336,91.314131,0.821567
161,93.538336,91.315229,0.820046
162,93.538336,91.316192,0.819356
163,93.538336,91.329591,0.813306
164,93.538336,91.329591,0.813306
165,93.538336,91.357591,0.815285
166,93.538336,91.369023,0.816152
167,93.538336,91.372886,0.814102
168,93.538336,91.372886,0.814102
169,93.538336,91.390256,0.822732
170,93.538336,91.401691,0.817409
171,93.538336,91.410142,0.814391
172,93.538336,91.426477,0.819224
173,93.538336,91.433888,0.82591
174,93.538336,91.446541,0.828047
175,93.538336,91.446541,0.828047
176,93.538336,91.45672,0.825307
177,93.538336,91.45672,0.825307
178,93.538336,91.473594,0.816792
179,93.538336,91.477485,0.81642
180,93.538336,91.501758,0.817281
181,93.538336,91.501758,0.817281
182,93.538336,91.508637,0.813557
183,93.538336,91.508637,0.813557
184,93.538336,91.528975,0.791787
185,93.538336,91.562125,0.792376
186,93.538336,91.571598,0.787195
187,93.538336,91.579099,0.778763
188,93.538336,91.585699,0.773242
189,93.538336,91.585699,0.773242
190,93.538336,91.585699,0.773242
191,93.538336,91.594431,0.767836
192,93.538336,91.594431,0.767836
193,93.538336,91.607546,0.772603
194,93.538336,91.609696,0.772856
195,93.538336,91.614818,0.773834
196,93.538336,91.614818,0.773834
197,93.538336,91.623383,0.765032
198,93.538336,91.645401,0.782274
199,93.538336,91.666301,0.784981
200,93.538336,91.674759,0.785608
201,93.538336,91.730879,0.78322
202,93.538336,91.730879,0.78322
203,93.538336,91.731301,0.783258
204,93.538336,91.746144,0.790087
205,93.538336,91.764801,0.782731
206,93.538336,91.78894,0.796576
207,93.538336,91.813716,0.81462
208,93.538336,91.830881,0.813536
209,93.538336,91.830881,0.813536
210,93.538336,91.832786,0.812973
211,93.538336,91.848557,0.812342
212,93.538336,91.880072,0.821167
213,93.538336,91.89535,0.810958
214,93.538336,91.898892,0.80577
215,93.538336,91.905624,0.804942
216,93.538336,91.905624,0.804942
217,93.538336,91.926252,0.814623
218,93.538336,91.938349,0.81885
219,93.538336,91.956559,0.812816
220,93.538336,91.956559,0.812816
221,93.538336,91.959634,0.812215
222,93.563558,92.004941,0.801848
223,93.563558,92.02003,0.803505
224,93.563558,92.033334,0.788171
225,93.563558,92.044584,0.798411
226,93.563558,92.052489,0.796062
227,93.563558,92.056259,0.794975
228,93.563558,92.066784,0.784564
229,93.563558,92.071115,0.779064
230,93.563558,92.071115,0.779064
231,93.563558,92.071115,0.779064
232,93.563558,92.116246,0.79309
233,93.563558,92.116246,0.79309
234,93.563558,92.116246,0.79309
235,93.563558,92.116246,0.79309
236,93.563558,92.127638,0.799689
237,93.563558,92.127638,0.799689
238,93.563558,92.133096,0.801734
239,93.563558,92.133096,0.801734
240,93.683558,92.179103,0.806416
241,93.683558,92.180356,0.804457
242,93.683558,92.180356,0.804457
243,93.683558,92.180356,0.804457
244,93.683558,92.187147,0.799655
245,93.683558,92.191367,0.797264
246,93.683558,92.214759,0.789974
247,93.683558,92.214759,0.789974
248,93.683558,92.214759,0.789974
249,93.683558,92.214875,0.789987
250,93.683558,92.233245,0.806191
251,93.683558,92.237862,0.809573
252,93.683558,92.264937,0.808768
253,93.683558,92.281227,0.802811
254,93.683558,92.281714,0.802455
255,93.778336,92.291616,0.814659
256,93.778336,92.293609,0.813878
257,93.778336,92.296529,0.809681
258,93.778336,92.312019,0.820037
259,93.778336,92.331263,0.832514
260,93.796695,92.391153,0.835579
261,93.796695,92.391153,0.835579
262,93.796695,92.40366,0.840069
263,93.796695,92.40366,0.840069
264,93.796695,92.40366,0.840069
265,93.796695,92.406567,0.841854
266,93.796695,92.420617,0.849176
267,93.796695,92.43402,0.831999
268,93.967727,92.469524,0.839948
269,93.967727,92.500052,0.839273
270,93.967727,92.505283,0.838927
271,93.967727,92.505283,0.838927
272,93.967727,92.523996,0.832267
273,93.967727,92.532396,0.831996
274,93.967727,92.532396,0.831996
275,93.967727,92.532396,0.831996
276,93.967727,92.551791,0.811865
277,93.967727,92.559283,0.812429
278,93.967727,92.559283,0.812429
279,93.967727,92.571444,0.809839
280,93.967727,92.579495,0.813957
281,93.967727,92.579495,0.813957
282,93.967727,92.585951,0.818456
283,93.967727,92.585951,0.818456
284,93.967727,92.592067,0.826195
285,93.967727,92.605551,0.831272
286,93.967727,92.609455,0.832838
287,93.967727,92.616721,0.82073
288,93.967727,92.617633,0.821937
289,93.967727,92.617633,0.821937
290,93.967727,92.617633,0.821937
291,93.967727,92.625978,0.825344
292,93.967727,92.634816,0.832429
293,93.967727,92.663479,0.830342
294,93.967727,92.663833,0.830013
295,93.967727,92.663833,0.830013
296,93.967727,92.686707,0.808864
297,93.967727,92.704031,0.806532
298,93.967727,92.706309,0.806652
299,93.967727,92.721828,0.799959
