-2.180951091353850457e-01
9.942818394788808245e-01
1.674375350556767950e-01
-9.987586318360793802e-01
-5.416455703436810765e-02
-7.948870853616206711e-01
-9.967908265860776496e-01
4.529815920329141044e-01
1.478708546584149297e-01
-2.601364913211992036e-01
-9.785330207082036935e-01
-7.621948042989161731e-01
-2.794329681732490300e-01
9.581125475567565664e-01
-1.843002404226700697e-01
2.238325743292339798e-01
-7.945109889902686184e-01
3.503051088207091990e-01
-3.014166574239753871e-01
5.239776857639693031e-01
-5.148295793726100911e-01
5.634637150748840195e-01
7.461720003785876631e-01
-3.392346751655145320e-01
-4.438986893658418698e-01
-9.714320202400543725e-01
1.842967912261845864e-01
-8.747159391047594212e-01
3.099921717673624622e-02
-7.300851801251786455e-01
-9.781164348439530531e-01
6.675199362583332796e-01
-3.449327875260085330e-01
5.484961241455064140e-01
-5.380662105609772539e-01
9.834363502156011627e-01
1.811895031267004019e-01
9.478433934138901229e-01
-3.442014562997749438e-01
3.473692166091648659e-01
-7.201549495803869494e-01
-9.434708833124054728e-01
3.231713307654681122e-01
7.661141747967491478e-01
9.971878698189702295e-01
-6.186971419973426034e-01
4.424508946186941349e-01
9.953410443216124115e-01
-7.492001797165186439e-01
-8.015414444210080536e-01
4.972585114872924983e-01
8.811759353847707921e-01
-3.281533869565575467e-01
6.934191458813212527e-01
3.105978975431669675e-01
-3.002472559392577178e-01
4.106392114344911692e-01
-8.132632065210602113e-01
5.041742074354651493e-01
-3.823953305827925142e-01
2.509632487631002773e-01
-1.563054275814872995e-01
-3.414117299774220571e-02
7.349258047020555962e-01
-9.512001867901662688e-01
9.999533799827639013e-01
7.806060642532339777e-01
-1.736659783657164002e-01
-1.135425795675436000e-01
9.999807580740701640e-01
5.690782827823708256e-01
-2.273490167938286566e-01
-6.277547427206157105e-01
9.942260940053018192e-01
7.978738422291584698e-01
4.263409712548364427e-01
-6.805126549146350845e-01
-9.683941759484142597e-01
-6.262534709886865558e-01
-9.857315814273561738e-01
2.450499599357597660e-02
8.387529176887758009e-01
-4.032280534562910912e-01
4.505171715294186696e-01
8.668612473758487980e-01
4.540886033481699169e-01
7.312315545967700281e-01
-8.710322183122991557e-01
-6.138357370829433668e-01
-9.825590230392264868e-01
-9.371084480574587428e-01
7.328371133155333617e-01
-5.575785863670734699e-01
-2.145887758265604683e-01
1.250236653071938875e-01
1.662675669118381105e-02
3.368160590272421540e-01
7.893101663601915785e-01
-4.476330663050902547e-01
-5.979774234917454301e-01
5.364311398035866985e-01
6.852210815427769441e-01
8.172804709037639892e-01
-9.506912387880438464e-01
4.061388985451532818e-01
-8.841181361009742279e-01
3.925339918170331344e-02
6.649994301023965937e-01
7.748597668433797603e-01
9.983559375971069461e-01
-6.305855058599025842e-01
8.307412062950210174e-01
-1.635833649326728922e-01
6.475511598238516964e-01
-7.405667928836228153e-01
6.235126428121857967e-02
-4.228013255024350991e-01
-9.910673733444294031e-01
1.437058113618245037e-01
-8.135407597123728296e-02
-2.231553164446738735e-01
-7.445277039461269120e-02
-5.236831709736859963e-01
-9.939157939632952132e-01
6.933854015329168341e-01
-2.454162926481444074e-01
-6.584656662707862873e-01
3.858653919519564601e-01
6.923693782877289316e-01
-1.210635064948318296e-01
7.643605928635650582e-01
9.919102567077231480e-01
-8.916199124060291137e-01
9.506061147772804087e-01
-5.138275317972726963e-01
-8.061706983510178448e-01
9.863640048049149289e-01
9.457721055125840603e-01
9.872562669929529910e-01
8.064442186087341646e-01
-7.356606058885257760e-01
9.701817769208522790e-01
-5.457354976500705668e-01
-3.079573641204340628e-01
-6.380251631102352716e-01
-8.886559191852185791e-01
9.744845266767652170e-01
2.531848280110793881e-01
5.408805642846070683e-01
5.147170393756943518e-01
4.853487740451036814e-01
-5.467716361262930924e-01
-2.713782219126983364e-01
9.677063992632931044e-02
-4.412823609597102403e-02
-4.673741255691975516e-01
-3.235454932072247269e-02
-3.475544707214029416e-01
-2.640936060945427988e-01
-6.447425110324880859e-02
3.379287589606413955e-01
-9.790694612617072412e-01
4.638595977424944117e-01
-8.166265396768168650e-01
6.870507961174716627e-01
6.004262508740212390e-01
2.567181285466260676e-01
-1.929689560918023891e-02
-9.999519947230720573e-01
-4.133334844425803900e-01
7.849995484529345702e-02
-2.927211994849186483e-01
-3.006032653563250889e-01
4.921171398825459065e-01
9.446494366852000724e-01
7.306096475098062815e-01
9.990145311199666311e-01
-1.554254952561137659e-02
-5.431955900049222352e-01
4.098877106217947985e-01
2.634268804810173670e-01
1.458072807530041981e-01
-8.933926228825790350e-01
4.959191913946634500e-01
9.495475182215513676e-01
-3.639071901847563129e-01
-8.263885145121957487e-02
-2.597137235410444944e-01
6.003390983396248437e-01
4.549092676713876737e-01
-4.283395285462498481e-01
4.906699762865253112e-01
1.819699068833413036e-01
8.951641117314093621e-02
-6.566173319248695961e-01
-1.882308950416037852e-01
5.877629397743318052e-01
9.562787735238371667e-01
-1.460438135121434611e-01
-8.275527553858050833e-01
2.391651998040812965e-01
-2.791628969537328642e-01
-1.932807450043704245e-01
-5.545161039474213460e-01
5.173397128734651407e-01
4.127304731785902403e-01
5.247704097321106986e-02
8.431381638000408074e-01
7.313761692750930798e-01
-6.273230321807379273e-01
-8.790711554957590934e-01
4.911300246713689033e-01
5.495316846713220738e-01
3.629349026005422307e-01
4.206223889287611373e-01
7.844945969610808145e-01
-5.385761653465268584e-01
-9.563972824194325595e-01
-2.724586121821263585e-01
-5.779578311018744863e-01
-4.259807896228857138e-01
-2.479624208885765346e-01
9.216622172593393891e-01
7.611573621772338427e-01
-6.174161654747430811e-02
-8.703332808239552243e-01
-6.908093020627916608e-03
-5.462083139584665847e-01
3.632861846795230054e-01
4.595547602616816274e-01
-4.474827267618641455e-04
-3.848501465761883233e-01
8.907275111919417121e-01
9.994979733667250787e-01
-9.643715750366392836e-01
1.998556334801879220e-01
-9.787511721689026167e-01
-1.897717930588375124e-01
9.776360764627668037e-03
3.078621458428815183e-01
1.447826211703100441e-01
7.497275788623640747e-01
9.999956247417439714e-01
9.052723252669025999e-01
-9.949577817152693848e-01
-1.957209745122183986e-01
-7.267847347184108742e-01
8.376952064862064340e-01
9.996085182404869096e-01
3.256357712434925222e-01
-9.158545388016879896e-01
7.014471527868699763e-01
-3.733638115053871109e-01
6.452855153677432565e-01
2.824783661407875845e-01
-4.534745139523398139e-02
-6.702206785926050348e-01
2.614248812861492688e-01
1.266732801767566849e-02
-3.117175369498104143e-01
-2.400442759290737083e-02
5.686291931496443297e-01
6.340508149467697363e-01
-4.802890269624834896e-01
-4.407251340810227069e-01
