9.292051579844898823e-01
9.080978665975043551e-01
3.936572936705648451e-02
2.554011095454125635e-01
7.026847717522506365e-01
-2.810756087999708996e-01
-7.521934059141692774e-01
-5.954634637021978261e-01
5.470432592390697124e-01
8.775775419331299787e-01
-4.655589516513152226e-01
-8.235217358699127299e-01
-7.666876024926302380e-01
2.969779021531269714e-01
6.390103226006011994e-01
3.933618323204696177e-01
-5.158181098479840410e-01
-5.297849109689634073e-01
-6.704033272352531991e-01
8.003822493087837664e-01
9.565864770561494090e-01
1.327898873921565248e-01
-8.374603835676723840e-01
-1.133836058692042348e-01
-3.130028605660481467e-01
-9.658797122667213131e-01
-8.126062442753485549e-01
-6.205656687318874543e-01
8.540170132053105378e-01
1.000000000000000000e+00
-6.376062179070699498e-01
-5.221268549934177106e-01
6.021260756806134928e-01
-7.615925789618056552e-01
3.696983947074221344e-02
6.938394494349532371e-01
-1.556198318437148065e-01
3.865422629783948905e-01
8.738764905504953218e-01
-4.519074394793870519e-01
5.178767008488330825e-01
5.588598537294097168e-01
8.452699994853658527e-01
-4.974177727534358495e-01
-6.282536331871058088e-01
4.829247407159656946e-01
8.160541049804675984e-01
-9.376541284762545114e-01
-1.278762730949571935e-01
-6.869531006158209330e-01
9.799311393908014534e-01
-7.674642122392922872e-01
6.508581228589467305e-01
-8.592927591688409583e-01
-3.786074089098065976e-01
3.624571253239639024e-01
1.190651714264076705e-01
6.840310207769145778e-01
-6.567612350916385289e-01
7.209159919425456309e-02
-2.105875153129932453e-01
9.386920088890020608e-01
7.863580697237644579e-03
-4.393053055090232473e-01
1.395915253435750514e-02
7.336400029053041782e-02
-9.342984146361863473e-01
-4.436108965702801332e-01
-1.637849595289209148e-02
1.666810266442729782e-01
9.069670407103562759e-01
-3.867408768582186740e-03
-2.756381665726997943e-01
-9.541466279805304040e-01
4.411107491854520668e-01
-8.077054692330307706e-01
4.864668503989941772e-01
8.002788363842631147e-01
5.196328847412441387e-01
-5.217942499865878547e-01
5.413669378195471449e-01
-4.668035439384086716e-01
-7.224581399029827988e-01
8.034003107298994806e-01
8.744320672832084362e-01
5.807725187888193030e-01
4.878753371309401121e-01
-7.484986267749715871e-02
5.607508429328762478e-01
8.055377949828916861e-01
-2.732222708264490652e-01
2.785930564044560298e-01
7.278953849845759549e-01
5.118251032949034940e-01
4.536031249800093201e-03
1.937674443767122001e-02
-2.357115300798338919e-01
7.785236791504881460e-01
-5.533612527099037726e-01
8.544910515175870858e-01
8.786620989802422788e-01
-7.696915390923579903e-01
-1.000000000000000000e+00
2.121897907575538977e-01
-6.831374300485983930e-01
9.702505614981582482e-01
1.298462453896156998e-02
-6.113629694614501897e-01
-9.122835958706415616e-01
1.000000000000000000e+00
2.200299111933547158e-01
4.580394795827698040e-01
7.475512991775457028e-01
6.428713671227039850e-01
1.892760767101280273e-01
-4.020187739283169193e-01
5.653579845634728596e-01
-3.820033736978115657e-01
-5.807613905936443999e-01
-9.822933909989817192e-01
3.701876242051823085e-01
8.850011097516842229e-01
-4.320197868827776455e-01
-4.936908171547382818e-01
-2.998401892554967141e-01
-5.250088561970700507e-01
-2.078409676646162663e-01
4.441524437736482089e-01
4.219441803610401998e-01
-2.886176618008354788e-01
-9.167456886974191255e-01
3.930761888636665757e-01
1.619379598399001974e-01
-1.000000000000000000e+00
5.137798057158158432e-02
-1.274767379849120752e-01
-7.382856539444676569e-03
1.000000000000000000e+00
-1.714497857513803680e-01
9.619267804061376603e-01
-5.875183308287292849e-01
-6.150481728398542458e-01
-9.595818312568152875e-01
-7.175268872341996618e-01
4.886013256934740867e-01
-5.460745577764555131e-02
7.843215279678650287e-01
8.928194275636716082e-01
7.761908561602834933e-01
-1.000000000000000000e+00
-9.009617792567519157e-01
3.546007622327349562e-01
7.276037505715741149e-01
-7.778107457078919929e-01
9.777599222463300155e-01
-2.455339970977764297e-01
7.003524849485013304e-01
5.870263237685411362e-01
-6.020318000677677972e-01
-5.179685211412956569e-01
5.304825787245153190e-01
-4.919583517714704590e-01
7.545051125948784021e-01
7.108732458236168839e-01
-7.026855564591015790e-01
6.110232468279448437e-01
-6.942913748024366338e-01
8.154665232707177802e-01
-6.948624448866986825e-01
2.097335200705544578e-01
5.900187429243669568e-01
7.348055186739328448e-01
-5.925641008677935417e-01
4.279750124254746435e-01
-4.695474059955185436e-02
5.983868812518502445e-01
-4.649428810153560243e-01
8.143689182547196870e-01
-9.347334133689937374e-01
-4.629749010602651205e-01
-5.572039790338108034e-01
9.239585069728252220e-01
6.567735353806337661e-01
6.870698499856731090e-02
5.130894159577648050e-01
4.660230255017975276e-01
-8.559099087050511812e-02
-1.700370546593679699e-02
4.905249649115029364e-01
-1.669952088892536768e-01
-3.821119469759742815e-03
-9.751761470937454490e-01
-1.000000000000000000e+00
-9.093698682655357857e-01
8.991682626710282289e-01
2.900317497458299032e-02
-3.725894727756365876e-01
1.060673241450919568e-01
7.583997726084744651e-01
-8.259488640287133698e-01
6.035034360387147023e-01
-2.346098177629420689e-01
6.360395724891872993e-01
-5.568473008437299088e-01
9.850269912453551990e-01
8.797183940356165799e-01
-7.196525622004452671e-01
7.459045000391629765e-01
9.149425805638156106e-01
1.215794727686852206e-01
-8.784290774648779720e-01
-6.492525149176875399e-01
5.836395870965307431e-01
1.000000000000000000e+00
-9.745970948878205364e-01
-6.429178475619482525e-01
3.087152322339096755e-01
-1.977169213840541118e-01
8.153405569437744971e-01
-3.136677526643253389e-01
-6.256344482132002449e-01
5.255110520279330233e-01
-4.326595962730827027e-01
-1.000000000000000000e+00
9.963741077134806723e-01
-6.937400270126569124e-01
-8.796640405377876837e-01
-1.000000000000000000e+00
4.685596966668067465e-01
3.182689386169712531e-02
7.901851099140386747e-01
-5.037722259241179668e-01
6.755938901224329829e-01
4.238484130193915789e-01
8.776701481430166929e-01
8.499866783102649759e-02
1.795825801256745735e-01
5.156973094156087623e-01
7.017730890553234291e-01
9.134926868059494165e-01
7.738958159717281848e-01
4.300694146086392333e-01
-6.447182521074149575e-01
-9.939399825273862454e-01
4.439739474659968321e-01
7.807502508375023798e-01
-9.996648909305341224e-01
8.161776747169742219e-01
5.050518956304035356e-01
1.833699848548325240e-01
-7.574135668362607099e-01
-6.281674546140247894e-01
3.763402967997658832e-01
4.520927683909500838e-01
1.000000000000000000e+00
-2.313126846191037311e-01
8.428951995250741902e-01
4.027827470821857547e-01
-1.688857036281039836e-02
2.696744828943756223e-02
6.651862413209532754e-01
1.264869603799934628e-01
5.141988052363886119e-01
7.549728266896431617e-01
9.726096527301755224e-01
